0.25
1.6
5.800000000000001
2.7
6.8500000000000005
4.65
0.1
0.05
0.05
0.6000000000000001
1.35
1.4500000000000002
0.2
4.8500000000000005
9.65
0.30000000000000004
2.2
0.8
1.6500000000000001
2.45
2.1
11.55
0.9
1.7000000000000002
11.15
3.9000000000000004
0.1
1.1500000000000001
0.6000000000000001
0.6000000000000001
0.1
0.4
2.0
4.05
1.55
4.55
13.05
0.45
0.9
2.6
0.9
2.6500000000000004
0.05
2.0500000000000003
0.2
0.2
2.75
0.25
0.15000000000000002
10.0
1.35
0.15000000000000002
13.0
0.6000000000000001
0.45
13.05
0.45
2.2
0.35000000000000003
0.9
0.05
3.6
1.1
0.15000000000000002
13.25
0.05
0.15000000000000002
13.5
0.1
4.25
0.4
0.7000000000000001
0.4
1.9500000000000002
0.05
8.0
12.0
1.35
0.9500000000000001
1.3
0.65
0.6000000000000001
0.8
0.1
0.4
3.7
0.1
3.1
2.5
1.3
3.8000000000000003
1.4500000000000002
6.95
7.800000000000001
0.25
3.1500000000000004
3.2
1.85
0.05
1.35
0.2
0.05
4.25
12.950000000000001
3.25
0.25
0.45
6.7
1.6
0.05
0.1
0.1
0.25
0.45
0.05
7.5
2.5500000000000003
0.30000000000000004
1.9000000000000001
1.5
1.85
0.75
0.1
4.55
2.7
3.95
1.6
1.25
0.7000000000000001
0.75
0.2
1.1500000000000001
0.15000000000000002
0.15000000000000002
0.55
8.25
10.0
8.1
0.5
2.0
0.9
0.1
0.05
4.9
1.6500000000000001
0.9500000000000001
0.1
3.35
1.2000000000000002
7.800000000000001
0.5
1.85
1.35
0.05
3.95
6.9
2.0
2.25
1.7000000000000002
0.6000000000000001
0.6000000000000001
0.35000000000000003
1.1500000000000001
2.4000000000000004
1.0
0.35000000000000003
4.15
1.05
1.05
0.45
13.600000000000001
0.25
1.0
0.45
4.3500000000000005
0.25
1.9000000000000001
1.1
1.6
1.4500000000000002
8.25
0.4
6.4
9.450000000000001
0.7000000000000001
1.9000000000000001
0.9
0.1
0.1
2.45
0.9
0.35000000000000003
0.1
2.4000000000000004
0.15000000000000002
2.8000000000000003
11.15
0.8
0.2
0.30000000000000004
0.8500000000000001
7.25
1.8
6.75
0.2
0.1
0.5
0.55
2.0500000000000003
0.35000000000000003
4.55
3.6
6.6000000000000005
0.2
3.8000000000000003
0.05
3.0500000000000003
3.35
0.55
0.05
1.9000000000000001
4.5
0.9500000000000001
6.0
0.65
5.2
0.1
10.350000000000001
10.600000000000001
5.050000000000001
0.05
1.6
8.85
5.5
0.9500000000000001
5.5
2.45
5.300000000000001
0.15000000000000002
3.85
4.4
1.55
0.65
1.5
1.85
14.55
0.15000000000000002
1.8
1.7000000000000002
6.25
8.65
1.2000000000000002
0.4
4.2
0.9500000000000001
1.9500000000000002
2.5
0.75
0.1
3.3000000000000003
0.55
4.1000000000000005
2.15
0.15000000000000002
0.1
3.35
1.6500000000000001
3.6500000000000004
2.4000000000000004
0.15000000000000002
0.15000000000000002
0.30000000000000004
0.1
2.4000000000000004
0.65
0.15000000000000002
0.2
2.35
3.7
1.05
0.05
1.25
2.1
2.45
0.05
2.8000000000000003
6.0
0.30000000000000004
6.1000000000000005
0.35000000000000003
0.2
2.3000000000000003
4.05
5.300000000000001
1.4000000000000001
7.050000000000001
4.3
2.95
0.1
0.6000000000000001
0.75
0.30000000000000004
1.0
0.6000000000000001
0.25
4.75
1.6500000000000001
0.7000000000000001
0.05
4.0
1.6500000000000001
0.1
1.25
2.0
1.05
0.1
1.75
0.25
4.15
1.25
1.4500000000000002
0.5
0.2
0.2
0.15000000000000002
0.4
1.35
2.0
2.8000000000000003
1.3
0.4
4.3
4.6000000000000005
1.75
2.85
0.25
3.6
7.75
4.55
1.35
2.95
3.95
0.9500000000000001
0.1
0.35000000000000003
2.3000000000000003
9.450000000000001
5.300000000000001
2.4000000000000004
4.9
2.4000000000000004
0.2
4.65
0.6000000000000001
3.4000000000000004
1.7000000000000002
4.1000000000000005
2.1
1.0
0.6000000000000001
0.25
1.6
0.25
2.45
1.9000000000000001
0.1
0.75
2.5500000000000003
3.1500000000000004
0.1
1.75
0.25
0.1
0.2
1.7000000000000002
0.35000000000000003
1.85
1.5
3.0500000000000003
0.05
0.2
1.4000000000000001
0.2
1.75
2.45
2.15
0.35000000000000003
0.25
13.75
0.15000000000000002
0.1
0.35000000000000003
0.30000000000000004
0.05
1.7000000000000002
1.7000000000000002
0.05
4.95
0.75
0.2
0.8
0.2
1.9000000000000001
3.75
0.05
0.05
4.4
0.05
0.2
1.55
3.0
1.25
3.9000000000000004
7.65
0.35000000000000003
2.9000000000000004
0.30000000000000004
0.15000000000000002
1.2000000000000002
9.05
3.5500000000000003
0.6000000000000001
0.05
0.8
0.4
1.25
3.6500000000000004
3.8000000000000003
0.2
1.6500000000000001
1.1
0.35000000000000003
0.5
0.1
0.2
1.1
0.2
0.15000000000000002
1.05
1.05
0.7000000000000001
4.3
3.0
0.30000000000000004
6.7
0.45
0.45
1.85
0.7000000000000001
0.05
0.1
2.95
1.2000000000000002
2.3000000000000003
0.75
11.25
1.35
1.35
7.65
0.2
3.45
1.55
0.15000000000000002
0.15000000000000002
0.5
0.65
0.2
0.25
4.6000000000000005
0.05
5.25
3.2
1.4000000000000001
0.7000000000000001
2.35
5.65
0.4
1.6500000000000001
0.2
6.65
3.25
3.1500000000000004
0.30000000000000004
8.5
2.15
8.55
0.2
9.05
2.3000000000000003
2.0500000000000003
0.05
2.25
1.25
0.30000000000000004
0.25
0.4
0.05
3.0
1.4500000000000002
1.0
2.45
0.55
2.8000000000000003
2.8000000000000003
0.9500000000000001
7.4
1.9500000000000002
1.3
1.55
0.55
2.5500000000000003
0.05
8.4
1.8
12.0
7.8500000000000005
14.700000000000001
0.30000000000000004
2.35
1.4500000000000002
0.1
5.5
6.300000000000001
3.6500000000000004
1.3
0.1
0.05
3.9000000000000004
0.6000000000000001
2.25
2.5500000000000003
0.8
1.5
0.35000000000000003
3.8000000000000003
1.0
4.25
6.300000000000001
0.25
3.6
1.6500000000000001
2.95
0.05
0.05
2.75
0.2
2.25
4.0
8.700000000000001
1.4500000000000002
3.5
2.6
0.25
0.1
0.1
6.0
2.5
1.85
1.5
7.2
0.8
1.4000000000000001
2.1
2.85
4.75
0.1
0.2
2.1
1.35
0.15000000000000002
0.1
2.0
2.25
4.3500000000000005
3.25
0.25
1.25
0.45
0.35000000000000003
0.6000000000000001
6.0
0.05
0.15000000000000002
0.4
0.1
0.75
0.1
0.05
3.5
0.8500000000000001
3.1
1.9500000000000002
7.45
0.25
0.25
0.9500000000000001
3.7
1.35
2.8000000000000003
0.4
2.75
2.45
1.1
1.55
0.75
0.45
3.5
0.9500000000000001
0.25
1.55
2.25
3.75
1.3
1.05
1.25
0.55
6.800000000000001
1.3
0.05
3.3000000000000003
1.1
1.2000000000000002
0.55
0.30000000000000004
0.1
0.75
0.8
1.6
0.30000000000000004
2.45
0.30000000000000004
3.85
0.15000000000000002
0.25
8.75
0.30000000000000004
1.9000000000000001
2.9000000000000004
7.300000000000001
0.7000000000000001
0.6000000000000001
0.45
0.55
9.5
0.8
2.35
1.25
0.05
7.15
2.6
0.2
1.3
0.25
3.0500000000000003
7.15
0.6000000000000001
0.15000000000000002
0.05
5.6000000000000005
2.3000000000000003
0.35000000000000003
0.45
10.850000000000001
0.8
2.85
0.1
0.2
3.0500000000000003
2.95
0.15000000000000002
0.8
14.9
1.6
1.75
1.9000000000000001
0.1
0.1
0.1
8.55
0.30000000000000004
7.0
2.6500000000000004
0.25
2.25
1.9000000000000001
1.8
1.35
12.55
0.5
5.800000000000001
0.5
2.4000000000000004
3.7
0.1
3.0
0.7000000000000001
8.4
1.35
0.35000000000000003
0.35000000000000003
0.15000000000000002
1.1
0.45
1.2000000000000002
3.0500000000000003
1.55
1.05
0.05
0.7000000000000001
4.5
1.0
0.2
8.0
3.75
0.9500000000000001
4.25
0.55
0.8
0.25
2.75
14.450000000000001
0.25
0.15000000000000002
5.2
2.5500000000000003
2.95
0.05
7.95
2.1
1.35
0.1
0.1
0.8
0.35000000000000003
1.5
2.5
1.1
0.9
2.6500000000000004
10.200000000000001
3.35
0.4
0.8500000000000001
14.75
0.05
3.85
2.95
0.2
0.7000000000000001
7.6000000000000005
0.15000000000000002
0.45
0.75
0.8
1.05
4.95
1.4000000000000001
2.2
0.15000000000000002
2.1
3.0500000000000003
1.05
0.75
0.1
10.700000000000001
6.8500000000000005
0.2
5.8500000000000005
0.1
1.6
6.1000000000000005
3.1500000000000004
0.05
9.9
9.0
5.75
0.05
0.05
0.05
11.65
0.4
3.95
6.0
0.8
0.75
1.7000000000000002
0.05
0.30000000000000004
0.25
1.9000000000000001
7.1000000000000005
0.2
0.1
0.15000000000000002
0.75
0.05
1.8
5.550000000000001
0.2
2.1
0.65
4.3500000000000005
0.4
0.05
6.45
5.050000000000001
3.6500000000000004
4.75
1.5
0.15000000000000002
2.4000000000000004
0.4
0.7000000000000001
0.6000000000000001
1.9500000000000002
2.9000000000000004
0.4
1.0
0.30000000000000004
0.05
0.05
0.05
7.15
5.550000000000001
0.35000000000000003
0.8
0.1
0.25
1.1500000000000001
0.15000000000000002
0.30000000000000004
0.2
1.25
0.55
2.75
0.4
0.05
0.8500000000000001
1.35
1.4000000000000001
2.6500000000000004
2.5
1.25
4.15
1.4500000000000002
5.45
3.1500000000000004
1.1
3.4000000000000004
0.2
4.800000000000001
1.4000000000000001
0.9500000000000001
0.9
0.75
1.3
4.1000000000000005
0.8
2.5
1.4500000000000002
4.7
3.1500000000000004
0.55
0.35000000000000003
5.4
7.4
0.1
3.35
3.0500000000000003
0.5
0.15000000000000002
0.30000000000000004
1.05
0.30000000000000004
10.05
0.65
2.0500000000000003
2.8000000000000003
0.8
1.5
5.25
0.75
2.6
2.95
0.55
1.1500000000000001
0.45
5.95
0.45
0.30000000000000004
0.45
1.9000000000000001
0.6000000000000001
1.1500000000000001
0.5
1.0
4.95
7.4
10.700000000000001
6.9
1.2000000000000002
0.25
5.15
0.15000000000000002
0.05
0.30000000000000004
9.25
1.9500000000000002
0.1
0.25
0.25
4.25
0.1
4.7
6.050000000000001
2.3000000000000003
0.5
6.15
0.7000000000000001
5.300000000000001
0.2
0.1
0.25
0.9
0.45
0.30000000000000004
0.1
3.1
1.3
1.1500000000000001
0.30000000000000004
1.8
0.7000000000000001
2.4000000000000004
0.2
0.2
2.4000000000000004
0.6000000000000001
0.5
0.6000000000000001
0.7000000000000001
12.0
0.55
4.25
1.05
0.15000000000000002
1.0
0.15000000000000002
0.05
0.8
0.75
2.25
0.65
0.8
1.7000000000000002
0.2
3.75
4.0
0.05
0.1
1.75
1.2000000000000002
2.9000000000000004
0.45
1.6
3.35
1.75
0.1
3.4000000000000004
0.45
6.15
1.8
0.15000000000000002
7.8500000000000005
4.55
0.8500000000000001
2.25
0.4
7.7
4.95
0.4
1.8
2.35
0.30000000000000004
0.15000000000000002
1.6
4.25
0.25
2.0500000000000003
13.950000000000001
0.25
0.8500000000000001
2.6500000000000004
2.5
3.4000000000000004
0.55
0.15000000000000002
3.1
0.75
2.2
0.8
1.25
0.1
3.6500000000000004
0.8
6.45
0.1
0.9
5.15
0.25
4.8500000000000005
4.05
0.1
4.2
2.9000000000000004
2.9000000000000004
0.45
1.2000000000000002
0.1
4.95
2.0500000000000003
4.0
0.1
14.450000000000001
3.4000000000000004
5.2
1.7000000000000002
2.85
0.35000000000000003
0.05
0.55
0.55
0.05
0.55
0.45
0.9500000000000001
1.7000000000000002
0.15000000000000002
0.9
3.1
3.5
0.8
3.1500000000000004
6.2
3.25
0.15000000000000002
6.15
0.9
0.8500000000000001
0.8500000000000001
2.1
3.85
2.6500000000000004
0.65
0.35000000000000003
2.9000000000000004
1.3
0.35000000000000003
0.7000000000000001
0.45
0.2
0.15000000000000002
0.6000000000000001
4.6000000000000005
3.0
0.25
0.7000000000000001
1.85
3.3000000000000003
0.35000000000000003
5.550000000000001
2.15
0.55
0.9
0.5
0.7000000000000001
6.8500000000000005
3.45
2.9000000000000004
0.6000000000000001
0.75
0.2
0.9500000000000001
1.8
13.950000000000001
1.2000000000000002
0.15000000000000002
0.1
0.9
0.05
4.0
7.95
1.4000000000000001
3.5
8.5
1.5
1.4500000000000002
0.30000000000000004
3.6500000000000004
4.05
0.15000000000000002
0.5
8.75
1.05
1.6500000000000001
0.45
0.65
1.1
4.75
0.8500000000000001
0.1
0.65
2.35
1.2000000000000002
4.05
3.0
4.1000000000000005
8.700000000000001
0.05
4.55
0.8
0.30000000000000004
0.15000000000000002
0.25
0.1
0.30000000000000004
1.5
5.75
4.2
1.1
3.1
0.15000000000000002
3.45
0.05
0.25
14.3
1.9000000000000001
0.15000000000000002
0.5
0.4
0.30000000000000004
0.55
0.05
0.4
9.600000000000001
1.1
7.75
5.3500000000000005
0.15000000000000002
1.5
1.6
6.300000000000001
0.15000000000000002
1.85
0.25
0.1
0.2
0.05
4.05
9.4
0.15000000000000002
0.1
1.55
2.15
1.8
0.15000000000000002
1.0
2.0
0.05
0.45
1.1
2.35
0.45
1.8
1.1500000000000001
0.05
7.65
4.25
3.2
0.9500000000000001
0.25
0.05
2.9000000000000004
0.2
1.0
0.1
0.9
2.0500000000000003
1.6500000000000001
3.0500000000000003
2.9000000000000004
0.4
10.350000000000001
0.35000000000000003
3.85
0.4
1.8
3.1500000000000004
2.1
2.35
4.9
1.35
7.3500000000000005
0.05
0.7000000000000001
5.800000000000001
4.15
1.4500000000000002
0.15000000000000002
0.15000000000000002
0.2
0.65
1.25
0.05
2.25
1.6
0.05
6.050000000000001
1.3
3.0
9.35
0.7000000000000001
1.1
4.7
1.2000000000000002
0.75
1.5
0.4
3.25
0.45
0.75
6.25
0.1
0.55
0.1
0.15000000000000002
1.1500000000000001
0.9
0.15000000000000002
0.45
0.9
0.15000000000000002
0.1
3.6
0.2
0.25
0.8500000000000001
0.05
0.75
1.9000000000000001
5.75
0.30000000000000004
1.25
0.1
4.3500000000000005
2.15
0.9
0.1
0.15000000000000002
0.65
1.4000000000000001
2.75
0.25
0.05
9.1
3.3000000000000003
0.2
4.0
0.9
3.0500000000000003
4.3500000000000005
1.6
0.5
0.45
1.3
4.2
0.30000000000000004
0.1
3.1500000000000004
0.15000000000000002
0.4
0.05
0.2
0.15000000000000002
0.8500000000000001
0.15000000000000002
0.15000000000000002
4.15
0.1
0.9
0.15000000000000002
0.7000000000000001
0.7000000000000001
4.1000000000000005
12.8
0.9500000000000001
4.8500000000000005
3.7
2.95
0.25
3.45
1.5
0.15000000000000002
0.6000000000000001
0.25
6.15
6.1000000000000005
0.75
4.6000000000000005
4.3500000000000005
4.7
1.1500000000000001
0.2
0.65
14.950000000000001
4.2
0.15000000000000002
1.55
0.75
2.6500000000000004
1.2000000000000002
0.25
2.6
4.2
0.75
1.2000000000000002
0.1
4.3500000000000005
2.7
0.05
5.050000000000001
1.9000000000000001
0.1
3.0500000000000003
2.8000000000000003
0.45
0.45
0.05
1.3
0.35000000000000003
1.85
1.05
3.75
1.5
0.30000000000000004
0.2
0.35000000000000003
0.25
1.35
3.5500000000000003
0.75
4.7
12.05
0.8
0.2
1.05
3.35
0.45
0.35000000000000003
1.5
1.55
4.5
0.5
1.25
1.75
2.1
3.7
0.1
2.25
1.05
1.9000000000000001
0.15000000000000002
3.9000000000000004
2.35
1.1
2.85
2.3000000000000003
2.1
1.75
0.2
0.5
0.05
8.85
0.5
6.65
1.6500000000000001
0.30000000000000004
1.7000000000000002
1.25
3.4000000000000004
0.65
0.2
1.6
0.4
3.95
0.05
0.9500000000000001
4.65
0.8500000000000001
0.8500000000000001
0.05
0.2
1.0
0.05
1.55
1.9500000000000002
3.0500000000000003
0.8500000000000001
0.30000000000000004
1.1
3.0500000000000003
1.2000000000000002
0.4
0.30000000000000004
2.6
5.3500000000000005
0.55
3.9000000000000004
0.9
0.1
3.75
0.9
0.35000000000000003
0.4
0.35000000000000003
0.45
0.5
1.2000000000000002
6.8500000000000005
1.05
1.2000000000000002
2.45
3.0500000000000003
0.35000000000000003
4.9
4.5
2.15
1.05
0.05
5.65
1.25
2.6500000000000004
0.7000000000000001
1.9500000000000002
1.7000000000000002
0.05
0.5
8.200000000000001
3.35
0.9
0.05
0.1
0.15000000000000002
0.2
0.8
2.7
5.2
1.35
0.6000000000000001
0.2
1.7000000000000002
1.05
0.1
1.05
1.1500000000000001
3.95
0.30000000000000004
10.950000000000001
2.3000000000000003
0.65
2.45
2.9000000000000004
0.55
1.85
0.2
1.7000000000000002
9.9
0.05
0.7000000000000001
2.6500000000000004
0.7000000000000001
5.7
7.300000000000001
0.1
0.55
0.1
1.8
0.45
0.05
1.9000000000000001
9.5
2.25
1.5
0.05
3.3000000000000003
6.45
0.65
5.75
0.15000000000000002
0.25
2.35
0.15000000000000002
0.1
0.15000000000000002
0.1
0.4
2.25
5.25
0.35000000000000003
0.8
0.30000000000000004
0.25
6.65
3.8000000000000003
9.450000000000001
0.15000000000000002
0.25
0.8500000000000001
2.1
5.65
4.1000000000000005
1.0
1.8
0.75
0.15000000000000002
5.1000000000000005
6.050000000000001
2.0
1.55
11.8
0.55
0.15000000000000002
0.05
0.15000000000000002
10.600000000000001
0.5
0.2
1.6
0.55
0.05
0.55
5.45
5.65
0.75
0.2
5.0
7.15
2.15
0.05
8.0
0.65
1.35
0.7000000000000001
0.15000000000000002
5.7
2.6500000000000004
0.25
0.45
0.1
7.5
3.25
2.3000000000000003
1.6
4.0
0.2
1.8
1.0
1.2000000000000002
3.6500000000000004
0.30000000000000004
1.05
0.2
0.5
0.7000000000000001
3.35
2.45
0.45
3.45
2.35
4.25
0.05
2.5
0.75
2.5
3.45
0.35000000000000003
5.25
4.7
0.15000000000000002
3.6500000000000004
0.45
2.15
0.35000000000000003
1.0
1.55
2.7
0.6000000000000001
5.45
4.3500000000000005
8.25
0.1
5.2
4.4
3.5500000000000003
1.3
1.0
4.1000000000000005
0.1
0.55
2.2
0.65
5.4
0.9
8.75
0.6000000000000001
1.1
0.30000000000000004
0.30000000000000004
1.05
2.0500000000000003
3.35
2.85
0.1
10.0
7.7
0.05
2.95
5.6000000000000005
1.1500000000000001
2.0500000000000003
4.7
2.2
2.3000000000000003
0.35000000000000003
0.45
1.05
1.0
0.75
1.1
2.5
0.75
1.3
9.05
2.4000000000000004
0.15000000000000002
2.2
5.25
3.6500000000000004
2.15
1.4000000000000001
1.3
6.5
0.4
1.9000000000000001
0.4
0.05
4.3500000000000005
0.1
5.7
0.9500000000000001
0.75
0.2
0.1
0.35000000000000003
0.35000000000000003
9.1
4.800000000000001
0.45
3.0
0.35000000000000003
0.05
6.25
0.45
5.550000000000001
1.55
3.6
1.35
0.15000000000000002
0.15000000000000002
1.6
4.7
0.05
0.15000000000000002
0.05
0.15000000000000002
0.4
2.25
2.6500000000000004
5.15
0.4
3.4000000000000004
1.6
2.8000000000000003
1.35
0.35000000000000003
0.1
5.95
0.75
0.1
1.2000000000000002
2.0500000000000003
2.5500000000000003
2.6500000000000004
0.55
12.600000000000001
3.6
2.5
1.35
1.25
0.15000000000000002
3.85
1.0
1.8
0.65
2.0500000000000003
1.1500000000000001
1.8
0.55
4.9
1.75
0.15000000000000002
1.1500000000000001
2.2
12.450000000000001
6.65
11.65
1.05
0.4
1.1
0.05
0.2
0.9500000000000001
0.1
1.1
2.6500000000000004
2.45
1.35
0.9
1.75
0.1
1.9500000000000002
3.4000000000000004
13.600000000000001
1.25
0.35000000000000003
2.0
1.3
0.1
1.9000000000000001
6.0
2.0500000000000003
0.75
3.25
1.05
0.25
2.0500000000000003
0.7000000000000001
9.55
3.1
0.05
3.6
2.6
0.2
10.700000000000001
0.4
0.35000000000000003
0.15000000000000002
0.15000000000000002
0.55
0.1
1.9000000000000001
2.25
1.0
0.65
1.9000000000000001
3.5500000000000003
2.75
2.6
9.200000000000001
0.9
4.6000000000000005
0.2
3.25
2.1
2.95
3.0500000000000003
1.75
1.1500000000000001
9.15
1.6500000000000001
0.35000000000000003
1.2000000000000002
3.35
0.25
0.1
0.25
0.55
2.9000000000000004
4.4
3.3000000000000003
1.4500000000000002
0.9500000000000001
2.4000000000000004
0.5
1.4500000000000002
1.6500000000000001
0.1
6.8500000000000005
0.25
0.8
2.5
1.4000000000000001
1.05
0.15000000000000002
0.05
0.7000000000000001
1.0
5.75
5.0
5.4
3.0
0.4
2.0
2.95
0.5
9.25
3.3000000000000003
0.1
10.3
0.7000000000000001
9.3
1.2000000000000002
9.75
0.55
0.35000000000000003
0.25
3.0500000000000003
3.5500000000000003
0.6000000000000001
0.7000000000000001
0.9
0.05
1.85
4.800000000000001
0.35000000000000003
0.4
1.4000000000000001
1.2000000000000002
0.45
0.55
13.5
0.2
2.5
11.15
3.1
2.3000000000000003
0.25
9.65
0.45
0.35000000000000003
2.95
0.1
0.9
1.0
4.05
0.6000000000000001
2.5
0.30000000000000004
9.600000000000001
0.05
3.85
6.6000000000000005
4.2
2.85
0.2
0.4
0.45
0.05
0.05
0.05
12.55
1.5
3.6
0.15000000000000002
0.6000000000000001
0.6000000000000001
0.15000000000000002
2.3000000000000003
2.7
0.1
0.6000000000000001
4.95
0.8
4.5
0.1
4.15
0.75
0.1
0.1
1.4000000000000001
0.4
0.8500000000000001
0.30000000000000004
4.75
6.7
1.8
0.6000000000000001
0.05
5.5
1.0
0.15000000000000002
0.8500000000000001
0.4
2.85
6.300000000000001
0.4
2.4000000000000004
0.15000000000000002
0.8
0.05
5.15
3.6500000000000004
2.15
2.5500000000000003
0.1
5.75
2.15
0.1
2.45
0.05
1.6
0.4
8.75
1.75
2.45
0.05
1.4500000000000002
0.05
0.2
0.5
0.65
0.15000000000000002
12.0
2.2
2.4000000000000004
0.30000000000000004
0.45
0.6000000000000001
0.1
0.8500000000000001
0.15000000000000002
1.7000000000000002
8.65
0.75
0.45
0.35000000000000003
5.9
11.3
2.0500000000000003
1.6500000000000001
0.30000000000000004
1.7000000000000002
0.05
3.25
5.95
0.2
0.15000000000000002
2.6
2.45
4.55
0.15000000000000002
0.25
0.55
0.05
5.95
0.55
2.7
1.0
2.7
2.6500000000000004
0.05
11.950000000000001
4.0
1.25
2.35
4.7
0.7000000000000001
14.600000000000001
0.25
1.1
2.95
0.5
3.25
0.2
0.05
1.3
8.700000000000001
3.1
0.25
1.6500000000000001
4.0
3.6500000000000004
1.6500000000000001
1.4500000000000002
10.15
11.350000000000001
4.95
2.1
0.55
4.3
1.0
5.300000000000001
1.6500000000000001
2.5500000000000003
3.0
2.3000000000000003
8.5
0.05
3.45
0.1
0.2
7.7
0.25
2.6
0.8500000000000001
0.05
0.4
0.2
0.05
0.45
0.8
1.0
2.8000000000000003
0.8500000000000001
5.75
0.8
1.4500000000000002
0.05
2.0
0.15000000000000002
0.65
7.3500000000000005
0.45
5.15
1.9000000000000001
1.55
1.4500000000000002
2.7
4.7
0.6000000000000001
5.8500000000000005
2.0
2.3000000000000003
0.05
1.6
0.45
2.9000000000000004
0.05
1.55
0.15000000000000002
2.6500000000000004
4.45
1.4500000000000002
1.3
0.8
1.35
1.2000000000000002
1.1
5.2
0.25
4.15
1.55
2.25
0.1
0.9500000000000001
0.75
0.1
0.9
0.15000000000000002
1.9000000000000001
0.65
0.25
0.1
0.1
0.15000000000000002
2.95
5.550000000000001
0.8
0.8
1.0
0.15000000000000002
0.1
2.2
0.1
5.4
4.0
1.35
0.25
3.5500000000000003
3.6500000000000004
3.7
1.4500000000000002
1.3
0.55
0.6000000000000001
4.7
2.4000000000000004
3.45
0.1
0.65
1.55
0.65
2.15
15.0
15.0
2.7
0.1
0.9500000000000001
2.15
3.35
10.0
6.1000000000000005
0.4
0.8
3.6
0.45
0.55
1.55
0.25
1.55
2.15
1.25
1.85
1.8
1.7000000000000002
6.75
0.75
2.8000000000000003
5.15
1.1500000000000001
2.4000000000000004
2.75
1.6500000000000001
0.4
2.0
0.2
2.3000000000000003
2.75
4.0
3.35
3.25
0.5
0.45
2.6
0.05
0.05
0.6000000000000001
0.15000000000000002
2.0500000000000003
3.9000000000000004
5.65
1.1500000000000001
3.6
12.5
1.05
10.3
2.2
0.15000000000000002
0.5
0.55
5.550000000000001
0.55
0.15000000000000002
0.25
0.15000000000000002
0.9
1.05
2.8000000000000003
0.7000000000000001
0.2
1.0
1.0
0.2
1.4000000000000001
0.5
0.8500000000000001
5.2
2.35
1.85
0.4
2.0
5.9
4.65
0.8500000000000001
1.25
0.2
4.6000000000000005
0.7000000000000001
0.1
0.2
0.8
0.6000000000000001
1.1500000000000001
0.05
2.0
12.950000000000001
0.30000000000000004
0.05
1.0
2.1
0.30000000000000004
0.05
2.4000000000000004
4.800000000000001
1.1
0.9500000000000001
2.0
1.2000000000000002
0.05
1.9000000000000001
0.5
0.1
1.75
0.2
0.4
0.6000000000000001
0.9
0.35000000000000003
0.1
0.9500000000000001
0.6000000000000001
0.1
4.0
10.950000000000001
0.1
0.25
5.7
10.700000000000001
7.5
1.8
9.5
1.4000000000000001
1.0
0.25
3.9000000000000004
2.9000000000000004
0.6000000000000001
2.3000000000000003
0.4
0.1
0.05
1.7000000000000002
0.05
0.55
0.15000000000000002
0.30000000000000004
2.35
0.75
1.0
0.30000000000000004
0.15000000000000002
0.15000000000000002
11.9
6.8500000000000005
0.25
1.05
0.55
0.25
0.30000000000000004
4.800000000000001
1.85
0.05
2.6500000000000004
0.05
0.35000000000000003
3.2
0.2
0.35000000000000003
3.0500000000000003
2.6500000000000004
0.1
0.6000000000000001
5.800000000000001
0.1
0.05
2.6
1.85
0.15000000000000002
0.55
1.25
0.25
4.1000000000000005
0.5
0.05
6.15
1.75
2.0500000000000003
0.15000000000000002
1.35
0.8
2.5
0.05
0.1
2.35
1.1
7.550000000000001
0.05
0.75
0.5
4.15
4.55
3.1500000000000004
1.85
1.2000000000000002
2.9000000000000004
1.6500000000000001
1.9500000000000002
1.1500000000000001
1.1500000000000001
0.30000000000000004
0.15000000000000002
2.2
0.25
1.1500000000000001
5.5
4.15
2.75
2.35
0.15000000000000002
0.30000000000000004
0.15000000000000002
1.9000000000000001
0.05
1.4000000000000001
5.8500000000000005
6.15
1.05
0.30000000000000004
5.65
5.4
2.15
0.15000000000000002
0.15000000000000002
1.9500000000000002
1.75
1.0
0.15000000000000002
0.55
0.5
8.0
1.1500000000000001
2.0500000000000003
2.4000000000000004
1.3
3.0
2.95
0.4
2.0500000000000003
5.8500000000000005
0.25
0.1
0.30000000000000004
0.1
0.55
1.55
2.0500000000000003
0.15000000000000002
0.4
5.65
0.5
0.30000000000000004
8.9
2.5500000000000003
1.4000000000000001
1.8
0.25
5.95
0.25
0.05
0.1
0.65
1.0
0.2
0.9500000000000001
4.800000000000001
2.5500000000000003
0.15000000000000002
0.05
1.8
0.35000000000000003
0.25
0.7000000000000001
1.8
0.2
1.8
0.1
1.05
1.85
0.05
3.9000000000000004
0.35000000000000003
2.15
1.75
0.05
1.2000000000000002
0.65
0.45
2.6500000000000004
0.35000000000000003
0.35000000000000003
0.9
0.25
2.25
3.7
0.05
4.2
4.05
2.15
1.6
0.05
0.9
0.5
2.95
1.1
1.5
5.15
4.3
0.75
1.6500000000000001
6.9
0.5
0.1
1.2000000000000002
1.3
0.15000000000000002
0.9
2.0
0.05
0.75
1.3
1.4000000000000001
1.0
0.05
3.8000000000000003
4.6000000000000005
4.2
2.25
0.45
7.65
3.45
2.8000000000000003
2.15
2.8000000000000003
1.35
1.1500000000000001
0.2
1.1
0.05
1.4000000000000001
2.0500000000000003
0.25
0.05
1.7000000000000002
0.2
1.1500000000000001
1.1
10.700000000000001
1.6
7.95
1.9000000000000001
0.45
0.25
0.15000000000000002
2.0500000000000003
0.25
2.15
3.2
4.7
0.65
0.05
3.7
0.6000000000000001
1.6500000000000001
0.15000000000000002
5.800000000000001
0.1
11.8
0.8
3.7
1.25
0.6000000000000001
4.5
14.25
7.7
2.6500000000000004
0.05
12.5
4.5
0.1
0.65
2.7
0.15000000000000002
2.15
2.45
0.8500000000000001
1.6500000000000001
1.25
0.2
2.5
9.450000000000001
2.7
0.1
2.3000000000000003
5.1000000000000005
0.1
4.6000000000000005
0.1
1.25
0.25
0.35000000000000003
4.3500000000000005
0.8
4.6000000000000005
0.9500000000000001
1.0
1.4000000000000001
3.0500000000000003
0.75
0.8500000000000001
1.5
1.6
3.5
1.05
0.35000000000000003
1.4000000000000001
6.4
3.75
1.05
0.8500000000000001
0.9
0.35000000000000003
9.8
2.85
0.1
0.55
2.85
3.35
0.4
5.6000000000000005
3.4000000000000004
0.05
4.2
1.6
0.1
5.95
1.35
1.1
0.1
0.65
1.35
0.35000000000000003
1.2000000000000002
0.1
2.7
10.65
5.9
0.5
2.5500000000000003
2.35
0.6000000000000001
1.85
1.05
3.8000000000000003
2.5
4.800000000000001
1.25
1.25
0.15000000000000002
0.8
2.6500000000000004
1.5
0.35000000000000003
1.5
3.25
0.2
0.8
0.9500000000000001
7.95
0.05
0.30000000000000004
4.95
1.35
0.35000000000000003
0.9
4.5
14.55
0.75
1.7000000000000002
0.55
3.85
3.0500000000000003
0.1
4.95
1.85
10.65
0.25
0.1
0.75
3.0500000000000003
0.65
0.15000000000000002
0.1
0.25
0.75
1.25
0.2
0.2
0.15000000000000002
0.05
1.75
6.800000000000001
1.6500000000000001
0.30000000000000004
0.5
1.4000000000000001
0.1
3.5500000000000003
7.550000000000001
4.65
0.05
1.9000000000000001
0.15000000000000002
5.75
1.1
1.9500000000000002
0.1
0.15000000000000002
0.05
3.0500000000000003
0.1
6.7
2.85
0.9
1.4500000000000002
6.25
1.25
0.9
0.2
2.4000000000000004
1.25
0.1
6.8500000000000005
4.05
3.8000000000000003
0.35000000000000003
6.050000000000001
3.25
4.3500000000000005
0.9500000000000001
1.1
0.15000000000000002
0.75
2.4000000000000004
2.2
0.35000000000000003
14.350000000000001
3.1
2.3000000000000003
0.9
0.05
0.35000000000000003
1.85
0.1
10.05
0.2
5.25
0.15000000000000002
2.8000000000000003
1.2000000000000002
0.7000000000000001
0.65
0.35000000000000003
1.6
2.6
0.55
0.2
0.05
0.1
0.35000000000000003
2.7
2.25
2.6500000000000004
0.4
6.45
1.85
9.8
0.30000000000000004
0.05
0.05
4.3
0.15000000000000002
0.05
3.75
0.9
5.2
2.8000000000000003
1.2000000000000002
1.9500000000000002
1.7000000000000002
1.6
0.4
0.05
1.55
0.15000000000000002
2.85
0.4
0.30000000000000004
0.05
3.8000000000000003
8.05
0.1
2.0500000000000003
1.9500000000000002
4.45
0.25
0.05
0.05
7.4
0.65
0.30000000000000004
0.1
1.85
0.9
1.9500000000000002
1.3
3.8000000000000003
0.55
0.2
0.05
4.4
3.0
5.0
0.15000000000000002
0.1
1.2000000000000002
0.6000000000000001
2.0
0.1
1.75
3.0
1.0
0.05
0.8
1.3
0.5
0.4
2.2
0.4
0.5
0.6000000000000001
3.1500000000000004
0.65
0.6000000000000001
0.75
0.8500000000000001
3.3000000000000003
7.050000000000001
0.05
9.950000000000001
6.25
0.25
0.05
0.6000000000000001
2.6500000000000004
1.25
0.5
0.35000000000000003
9.05
6.6000000000000005
8.450000000000001
1.85
0.15000000000000002
5.050000000000001
2.25
6.2
1.4500000000000002
4.25
3.2
2.2
1.6500000000000001
1.5
2.3000000000000003
2.0500000000000003
1.2000000000000002
2.6500000000000004
0.8
4.2
1.9000000000000001
0.25
0.1
2.5
1.3
1.6
5.2
0.8500000000000001
1.7000000000000002
0.1
1.75
7.1000000000000005
0.15000000000000002
0.2
1.35
1.25
1.0
14.600000000000001
9.25
0.65
1.6
0.25
1.1500000000000001
4.15
0.05
0.1
0.6000000000000001
0.45
2.0
5.8500000000000005
0.05
1.7000000000000002
0.55
1.1
2.5500000000000003
0.2
0.15000000000000002
0.05
3.1
7.95
10.950000000000001
0.05
0.35000000000000003
0.1
0.15000000000000002
0.15000000000000002
0.1
0.7000000000000001
0.9500000000000001
0.1
0.15000000000000002
0.05
4.15
0.9500000000000001
0.5
0.15000000000000002
0.2
0.1
0.1
0.25
2.45
1.85
1.1500000000000001
2.45
3.1
2.9000000000000004
0.1
8.1
0.2
0.4
0.05
1.5
1.7000000000000002
2.6
1.6
0.05
0.25
0.1
2.5500000000000003
2.15
6.45
1.55
1.05
0.6000000000000001
0.35000000000000003
0.15000000000000002
1.6500000000000001
0.05
3.4000000000000004
9.4
0.6000000000000001
1.3
8.8
0.2
0.15000000000000002
0.2
0.1
0.30000000000000004
4.05
1.3
3.3000000000000003
2.85
3.35
0.4
4.75
3.75
0.25
0.6000000000000001
3.75
0.6000000000000001
0.30000000000000004
0.25
3.5
1.0
2.4000000000000004
4.4
3.7
3.7
0.9500000000000001
0.05
2.7
2.5
8.9
4.5
0.45
1.2000000000000002
1.05
8.450000000000001
2.4000000000000004
10.5
1.25
0.15000000000000002
1.25
1.35
0.8
0.55
2.4000000000000004
1.55
1.4500000000000002
0.15000000000000002
0.25
5.9
2.1
2.7
2.35
1.75
0.25
0.8500000000000001
2.15
1.85
4.45
3.9000000000000004
0.5
0.30000000000000004
3.45
4.25
5.0
0.15000000000000002
0.1
5.300000000000001
3.9000000000000004
0.1
6.1000000000000005
2.2
0.1
6.3500000000000005
1.8
0.25
0.75
0.35000000000000003
5.2
3.25
0.75
0.9500000000000001
4.6000000000000005
1.6
0.35000000000000003
1.85
1.85
0.45
0.30000000000000004
2.35
0.25
2.0
0.25
1.2000000000000002
0.25
1.35
0.9
0.35000000000000003
0.1
0.05
4.3500000000000005
0.25
0.15000000000000002
3.0500000000000003
0.1
0.55
0.6000000000000001
5.65
10.5
5.45
2.4000000000000004
5.25
3.85
0.2
2.0
0.75
0.5
3.35
0.8
4.25
0.7000000000000001
1.4500000000000002
0.1
0.35000000000000003
1.9000000000000001
13.15
0.45
3.75
0.15000000000000002
1.05
0.2
4.65
4.25
0.05
0.55
0.2
0.1
1.4000000000000001
0.05
0.4
1.55
3.0500000000000003
1.5
0.15000000000000002
0.65
0.4
7.3500000000000005
0.2
0.6000000000000001
1.9000000000000001
5.300000000000001
3.5500000000000003
0.25
5.7
0.25
0.55
1.55
0.6000000000000001
0.15000000000000002
2.2
1.4500000000000002
5.8500000000000005
3.95
2.25
0.9500000000000001
0.8
6.050000000000001
0.5
3.0
4.6000000000000005
3.45
2.25
3.1500000000000004
2.15
6.1000000000000005
3.5500000000000003
0.05
0.4
1.85
1.05
1.1500000000000001
2.9000000000000004
4.6000000000000005
3.4000000000000004
3.5500000000000003
0.8
0.2
1.7000000000000002
0.1
4.15
0.35000000000000003
0.05
0.65
0.2
1.4500000000000002
0.7000000000000001
0.35000000000000003
4.7
1.2000000000000002
0.1
4.15
0.8500000000000001
0.65
3.0500000000000003
0.4
0.05
2.5500000000000003
0.25
1.6
0.75
5.800000000000001
1.0
3.1500000000000004
7.050000000000001
2.5500000000000003
0.15000000000000002
1.6
3.8000000000000003
0.15000000000000002
0.35000000000000003
0.05
0.05
2.45
5.6000000000000005
0.25
3.8000000000000003
0.65
0.1
0.05
0.4
0.1
2.6500000000000004
0.8
0.9
6.6000000000000005
1.0
10.15
4.55
0.25
1.1
0.35000000000000003
0.55
0.9
1.05
7.6000000000000005
2.1
1.35
1.35
0.05
1.4500000000000002
0.15000000000000002
5.550000000000001
4.05
1.1
1.5
2.9000000000000004
0.1
0.15000000000000002
0.35000000000000003
8.85
0.4
0.5
2.6500000000000004
2.85
8.1
0.05
4.55
0.8
1.4500000000000002
1.8
5.2
6.1000000000000005
1.85
1.8
2.6500000000000004
2.0
1.75
3.0
0.1
4.3500000000000005
1.2000000000000002
0.05
0.45
0.1
7.0
0.2
3.8000000000000003
1.6500000000000001
1.25
2.6
2.0
6.0
0.05
2.0
1.85
0.4
0.2
1.9000000000000001
0.7000000000000001
0.6000000000000001
0.05
3.1500000000000004
1.8
3.1
0.55
0.15000000000000002
0.1
1.4000000000000001
1.2000000000000002
0.15000000000000002
1.85
6.45
0.1
5.5
0.25
1.3
0.9
0.65
12.4
0.30000000000000004
8.6
1.35
0.2
5.1000000000000005
0.9
0.05
7.65
1.8
3.8000000000000003
0.35000000000000003
4.3
0.05
0.35000000000000003
1.05
0.05
5.050000000000001
2.6500000000000004
0.9500000000000001
2.7
0.8
4.55
3.25
0.1
2.6
0.15000000000000002
2.45
0.25
3.2
0.1
2.35
0.8
8.05
0.25
3.45
3.85
0.65
1.4500000000000002
0.4
2.45
0.15000000000000002
0.45
1.4000000000000001
1.6
0.05
0.1
1.75
0.7000000000000001
2.0500000000000003
2.1
1.2000000000000002
4.800000000000001
3.6
0.1
2.2
0.05
3.6500000000000004
0.05
0.65
0.75
0.1
0.75
2.35
1.0
0.7000000000000001
1.6
0.5
0.1
0.1
1.8
4.3
0.05
0.05
3.6500000000000004
8.55
2.15
3.0
2.95
0.15000000000000002
1.4000000000000001
0.05
0.05
0.2
3.45
0.35000000000000003
0.8
1.3
2.45
0.1
4.5
1.9000000000000001
0.05
0.05
0.35000000000000003
0.4
0.8
7.8500000000000005
2.45
5.45
0.25
2.0
0.05
1.4500000000000002
1.05
1.05
0.1
0.2
0.65
0.05
0.05
0.2
0.35000000000000003
2.3000000000000003
6.300000000000001
0.35000000000000003
3.1500000000000004
0.75
10.9
0.05
0.8
8.25
3.0
3.95
4.800000000000001
0.55
0.1
11.9
0.35000000000000003
0.7000000000000001
1.5
1.85
0.05
0.9500000000000001
0.05
0.1
0.15000000000000002
0.1
1.8
0.30000000000000004
0.1
3.75
0.55
13.200000000000001
1.8
0.1
3.85
0.05
0.05
0.75
1.75
1.1
4.4
0.45
1.5
8.950000000000001
2.15
0.4
12.9
1.2000000000000002
0.55
1.05
3.4000000000000004
0.05
0.30000000000000004
0.15000000000000002
9.65
0.30000000000000004
2.5
0.05
2.35
4.15
0.9
0.2
0.1
6.25
0.05
0.7000000000000001
2.1
4.6000000000000005
1.9500000000000002
0.1
0.05
4.4
1.5
4.2
5.300000000000001
1.1
0.4
0.35000000000000003
3.2
2.6500000000000004
0.6000000000000001
0.1
1.0
3.4000000000000004
0.55
0.65
0.9500000000000001
0.1
1.1500000000000001
0.75
2.75
0.30000000000000004
2.85
1.8
0.5
0.2
0.9500000000000001
0.5
8.65
0.30000000000000004
3.1500000000000004
0.2
1.75
0.45
1.4000000000000001
0.4
10.05
4.95
0.35000000000000003
0.2
4.25
0.25
6.3500000000000005
12.100000000000001
3.0
0.7000000000000001
1.9000000000000001
0.8
1.9000000000000001
4.5
0.35000000000000003
1.8
1.35
11.0
0.15000000000000002
0.45
0.8500000000000001
1.6500000000000001
1.9000000000000001
0.25
1.7000000000000002
6.3500000000000005
1.8
1.25
0.25
0.2
6.300000000000001
5.9
0.05
2.0500000000000003
1.3
1.4000000000000001
0.25
0.8
0.30000000000000004
0.05
6.4
1.75
3.3000000000000003
0.55
2.6500000000000004
0.30000000000000004
1.75
1.5
0.1
1.6500000000000001
6.0
0.1
1.75
0.1
0.9500000000000001
0.1
0.25
0.05
1.1
0.1
0.2
0.4
0.2
0.4
0.1
0.25
0.2
0.35000000000000003
2.9000000000000004
4.15
7.050000000000001
3.1500000000000004
1.55
2.6500000000000004
1.25
1.5
2.95
2.1
1.4500000000000002
0.05
2.8000000000000003
4.3500000000000005
3.1
1.35
0.05
0.5
0.9500000000000001
0.05
0.25
2.2
0.2
1.9000000000000001
0.1
0.30000000000000004
0.05
0.2
4.0
0.7000000000000001
0.55
3.5500000000000003
0.2
2.6
0.35000000000000003
1.6
1.3
0.2
0.05
8.3
0.4
0.15000000000000002
0.30000000000000004
1.1500000000000001
1.1
0.45
3.5
2.15
0.9
2.15
0.9
0.45
1.4000000000000001
0.35000000000000003
0.2
6.2
2.0500000000000003
1.3
0.1
0.15000000000000002
2.15
1.05
3.6500000000000004
1.9500000000000002
6.45
0.2
6.7
0.6000000000000001
0.45
5.25
1.3
2.5
7.4
2.3000000000000003
0.8
4.65
0.05
0.45
2.4000000000000004
0.15000000000000002
2.3000000000000003
0.8
2.35
1.75
0.25
5.65
0.15000000000000002
0.4
0.05
0.05
3.5
0.5
0.2
3.0
2.5
1.8
0.45
0.5
4.75
2.0
1.4500000000000002
0.15000000000000002
0.25
0.2
3.9000000000000004
0.15000000000000002
1.25
0.45
0.8
0.05
4.75
11.100000000000001
2.6500000000000004
2.45
1.6
1.6500000000000001
2.85
0.05
6.15
1.6
2.25
0.55
6.7
2.9000000000000004
6.8500000000000005
1.05
0.30000000000000004
5.25
0.2
0.25
0.1
1.85
0.4
0.4
1.05
1.35
0.2
2.5
3.35
0.65
2.15
1.05
2.6500000000000004
0.4
0.75
0.4
0.2
4.3
0.9
0.1
3.5500000000000003
0.8500000000000001
0.15000000000000002
3.25
0.9500000000000001
1.0
0.5
2.4000000000000004
2.75
0.15000000000000002
2.2
2.95
3.95
0.25
2.25
0.1
5.6000000000000005
1.8
0.1
0.65
0.4
2.0500000000000003
2.25
0.9500000000000001
6.8500000000000005
0.30000000000000004
1.05
0.15000000000000002
0.2
3.6500000000000004
0.15000000000000002
3.9000000000000004
0.25
0.05
0.35000000000000003
0.30000000000000004
1.6
0.25
0.2
0.1
0.1
7.2
3.75
3.3000000000000003
0.15000000000000002
0.55
1.4000000000000001
1.8
0.15000000000000002
0.05
0.15000000000000002
1.75
1.0
4.5
9.75
0.1
0.15000000000000002
9.9
3.45
0.55
0.6000000000000001
0.15000000000000002
0.35000000000000003
5.1000000000000005
1.9500000000000002
4.95
2.25
0.4
4.800000000000001
2.2
0.05
5.65
3.95
0.7000000000000001
0.05
1.5
3.0500000000000003
0.4
0.9500000000000001
0.45
0.6000000000000001
0.1
1.9000000000000001
0.55
1.1
11.850000000000001
0.7000000000000001
0.7000000000000001
0.25
2.45
1.6500000000000001
0.8500000000000001
11.350000000000001
0.35000000000000003
7.1000000000000005
2.6500000000000004
0.75
0.05
1.6500000000000001
0.8
10.700000000000001
1.9000000000000001
5.300000000000001
8.5
0.45
1.7000000000000002
4.45
1.1
0.15000000000000002
0.1
5.45
0.6000000000000001
5.800000000000001
1.25
0.8500000000000001
0.15000000000000002
0.35000000000000003
0.7000000000000001
1.4500000000000002
1.85
1.4500000000000002
1.5
0.2
0.05
0.15000000000000002
1.0
0.8500000000000001
6.300000000000001
14.55
2.7
6.550000000000001
0.65
2.45
7.1000000000000005
2.5
1.0
0.1
1.5
2.75
1.2000000000000002
1.8
0.1
1.4000000000000001
0.2
0.75
0.1
0.75
1.1
4.7
1.25
1.2000000000000002
1.25
0.7000000000000001
0.05
0.30000000000000004
1.3
1.7000000000000002
0.15000000000000002
0.25
4.1000000000000005
0.1
10.200000000000001
4.25
7.15
3.0
0.6000000000000001
0.6000000000000001
3.2
2.5500000000000003
8.8
3.1500000000000004
2.35
0.2
3.0500000000000003
5.45
0.2
0.15000000000000002
0.45
13.55
1.1
4.3500000000000005
0.55
0.30000000000000004
1.4500000000000002
2.3000000000000003
5.3500000000000005
3.8000000000000003
2.8000000000000003
0.2
0.1
0.1
1.05
0.15000000000000002
2.25
0.2
1.1500000000000001
1.9500000000000002
1.6
0.1
0.30000000000000004
8.9
2.5
2.0500000000000003
2.95
0.35000000000000003
3.1
0.9500000000000001
0.45
3.25
0.7000000000000001
0.2
0.30000000000000004
0.9
3.75
0.25
3.4000000000000004
0.75
2.4000000000000004
0.1
0.75
0.05
3.95
0.5
0.75
0.2
5.5
0.25
1.6500000000000001
8.25
0.05
0.05
0.8500000000000001
2.4000000000000004
2.7
0.45
0.45
0.1
0.05
0.4
1.7000000000000002
0.1
0.15000000000000002
4.8500000000000005
6.050000000000001
2.15
0.05
1.2000000000000002
0.05
0.25
14.05
3.0
0.65
0.8
0.5
1.8
1.75
5.050000000000001
0.4
8.85
0.4
2.0500000000000003
2.95
3.1500000000000004
3.25
3.2
0.25
1.1
0.1
3.8000000000000003
8.75
3.3000000000000003
0.45
1.0
0.25
0.15000000000000002
0.15000000000000002
0.1
0.35000000000000003
0.05
0.25
0.65
2.7
0.6000000000000001
0.65
2.45
1.1500000000000001
0.1
3.5
0.35000000000000003
1.25
0.15000000000000002
7.95
5.0
4.95
1.75
1.3
3.0
3.9000000000000004
3.3000000000000003
1.4000000000000001
0.8
0.15000000000000002
0.15000000000000002
0.55
0.65
2.1
6.800000000000001
0.1
0.2
1.4500000000000002
0.30000000000000004
0.2
1.7000000000000002
2.2
2.3000000000000003
0.35000000000000003
0.2
0.5
4.0
0.15000000000000002
1.05
1.75
0.30000000000000004
2.45
2.75
0.30000000000000004
7.25
1.85
4.05
1.5
0.2
0.1
4.9
6.45
1.2000000000000002
0.9500000000000001
0.30000000000000004
2.25
0.25
0.8
0.55
4.95
1.3
0.35000000000000003
0.6000000000000001
0.55
1.8
0.55
0.1
3.0500000000000003
0.05
1.6
0.05
0.30000000000000004
2.1
2.5
5.4
3.4000000000000004
4.75
8.200000000000001
1.75
0.2
0.05
0.05
6.550000000000001
0.1
0.15000000000000002
0.30000000000000004
0.1
13.600000000000001
0.4
1.7000000000000002
3.0500000000000003
2.2
2.75
0.6000000000000001
0.05
0.8
5.1000000000000005
0.15000000000000002
0.7000000000000001
2.7
0.75
5.9
2.3000000000000003
7.75
2.25
2.75
0.55
0.1
0.4
0.15000000000000002
1.9500000000000002
0.75
0.4
0.55
0.1
0.7000000000000001
0.6000000000000001
1.4500000000000002
0.9500000000000001
0.30000000000000004
4.65
2.25
0.75
3.9000000000000004
3.7
1.3
1.7000000000000002
8.0
0.35000000000000003
2.15
0.25
0.05
8.0
0.55
0.8500000000000001
0.65
1.35
3.1500000000000004
3.35
0.55
6.95
6.15
10.850000000000001
1.35
0.05
1.4500000000000002
6.300000000000001
0.1
1.25
4.5
3.1
0.05
4.45
0.05
0.9500000000000001
0.8
0.1
2.35
1.4500000000000002
0.55
0.1
0.9
2.25
0.5
4.65
0.8500000000000001
0.45
0.35000000000000003
0.6000000000000001
6.45
2.6500000000000004
0.25
1.05
0.65
0.5
2.4000000000000004
2.6
3.6500000000000004
10.15
1.25
10.450000000000001
3.3000000000000003
0.45
0.05
0.35000000000000003
0.1
1.0
3.25
1.9000000000000001
4.75
10.5
0.1
5.1000000000000005
8.75
1.7000000000000002
10.4
12.950000000000001
3.6
0.2
0.55
0.25
0.4
0.45
0.05
1.1
0.05
0.2
3.0500000000000003
5.65
0.6000000000000001
6.15
2.3000000000000003
5.050000000000001
3.1
0.7000000000000001
0.8500000000000001
0.30000000000000004
0.8
0.5
2.6500000000000004
0.2
1.25
4.4
4.7
0.35000000000000003
3.85
0.9500000000000001
0.05
0.25
3.6500000000000004
0.25
2.0
0.35000000000000003
0.1
1.4000000000000001
0.1
3.75
0.15000000000000002
4.65
1.3
0.15000000000000002
3.5500000000000003
0.6000000000000001
3.85
0.35000000000000003
1.1
0.30000000000000004
9.75
1.25
0.15000000000000002
1.2000000000000002
1.4500000000000002
0.2
0.8
4.8500000000000005
0.05
1.05
1.85
0.25
0.5
7.25
3.6
1.05
3.5
0.35000000000000003
3.7
0.2
0.45
0.15000000000000002
0.9500000000000001
0.9500000000000001
3.1500000000000004
1.8
0.75
1.25
0.05
7.65
0.25
0.05
0.1
3.1500000000000004
0.15000000000000002
2.4000000000000004
10.55
0.1
1.3
0.30000000000000004
2.85
2.2
0.35000000000000003
5.300000000000001
2.75
1.1500000000000001
2.0
2.7
4.3
0.35000000000000003
0.65
1.8
1.25
1.85
3.85
2.95
1.05
2.45
5.1000000000000005
5.2
0.1
0.8
0.8500000000000001
9.25
0.4
0.15000000000000002
0.05
0.1
3.8000000000000003
2.75
0.5
0.05
4.55
0.05
0.65
0.15000000000000002
0.1
0.6000000000000001
2.25
2.6500000000000004
8.55
4.6000000000000005
0.2
0.05
0.1
9.75
2.3000000000000003
2.6
0.05
0.30000000000000004
0.8500000000000001
3.0
5.65
0.05
0.05
2.7
1.6500000000000001
0.35000000000000003
0.25
0.2
0.15000000000000002
0.9500000000000001
0.35000000000000003
0.15000000000000002
1.25
1.35
1.25
0.05
3.0
0.7000000000000001
0.45
5.45
0.9
0.9500000000000001
0.05
0.65
0.75
0.30000000000000004
0.05
3.85
0.25
1.75
4.25
0.65
1.9500000000000002
1.85
2.95
0.65
0.1
1.05
0.05
0.25
0.35000000000000003
5.800000000000001
0.45
4.95
8.1
5.3500000000000005
1.4000000000000001
0.05
4.6000000000000005
1.0
2.5
0.5
0.1
1.6
2.5
6.2
0.75
0.15000000000000002
0.5
2.35
0.65
2.35
1.9000000000000001
0.05
0.4
0.15000000000000002
0.05
2.45
14.600000000000001
14.15
2.7
0.15000000000000002
2.35
3.1
0.1
2.0
0.05
1.9000000000000001
1.7000000000000002
0.05
11.65
0.2
2.7
0.05
0.45
1.4000000000000001
0.05
0.2
1.05
0.55
1.35
3.5500000000000003
4.65
2.0
1.1
0.30000000000000004
1.7000000000000002
2.0
1.5
0.45
0.1
1.3
0.35000000000000003
0.1
1.6500000000000001
1.1
0.15000000000000002
2.8000000000000003
0.6000000000000001
0.4
1.85
5.25
1.1
0.9
1.0
4.9
0.30000000000000004
0.05
0.8
1.8
10.55
0.30000000000000004
2.85
0.9500000000000001
0.05
2.5500000000000003
3.0500000000000003
4.4
1.55
4.9
0.65
0.65
0.25
0.8500000000000001
1.55
1.85
1.25
0.1
0.9500000000000001
7.0
0.05
6.15
0.7000000000000001
0.05
1.05
0.25
2.0500000000000003
0.35000000000000003
0.1
0.30000000000000004
0.30000000000000004
3.3000000000000003
4.7
3.85
0.2
4.9
2.7
0.30000000000000004
0.1
2.0500000000000003
0.05
1.1
0.25
0.35000000000000003
14.100000000000001
0.25
4.3
1.6
2.45
1.6
2.0
0.65
1.05
1.85
4.8500000000000005
0.7000000000000001
1.1
6.4
2.35
0.15000000000000002
0.1
1.35
0.35000000000000003
0.15000000000000002
5.050000000000001
1.5
0.1
4.05
5.8500000000000005
11.05
0.1
4.95
0.35000000000000003
1.9000000000000001
3.8000000000000003
1.75
0.35000000000000003
0.5
2.35
0.05
0.25
1.25
0.05
0.35000000000000003
0.4
0.15000000000000002
2.15
0.6000000000000001
0.05
4.8500000000000005
0.35000000000000003
0.2
3.3000000000000003
0.1
4.15
0.5
0.05
0.2
6.7
0.15000000000000002
0.55
0.05
1.0
1.25
0.25
1.4500000000000002
0.05
0.1
0.7000000000000001
1.05
3.6500000000000004
2.25
0.05
0.55
3.1
0.1
6.95
10.05
3.25
0.05
2.45
0.65
1.6
0.2
0.15000000000000002
0.1
13.600000000000001
5.050000000000001
2.25
1.35
0.6000000000000001
2.2
6.95
2.6500000000000004
2.5
0.05
1.85
12.0
1.2000000000000002
0.05
0.15000000000000002
8.3
7.2
3.8000000000000003
0.8500000000000001
2.4000000000000004
10.0
1.9000000000000001
0.15000000000000002
3.7
0.9500000000000001
1.6
4.15
0.1
0.1
0.05
4.55
0.1
0.05
0.05
0.15000000000000002
0.9500000000000001
0.9
0.05
0.05
0.4
0.7000000000000001
0.55
12.450000000000001
0.25
0.1
4.55
2.95
0.15000000000000002
2.25
0.05
1.4500000000000002
4.2
1.0
0.9
0.8500000000000001
1.55
0.15000000000000002
4.6000000000000005
5.3500000000000005
0.15000000000000002
1.4000000000000001
0.30000000000000004
5.800000000000001
0.1
2.4000000000000004
0.25
5.15
0.35000000000000003
1.05
0.1
0.35000000000000003
0.4
1.05
0.1
0.55
1.1500000000000001
2.5
0.7000000000000001
0.05
0.1
6.800000000000001
0.30000000000000004
0.2
0.5
0.9500000000000001
3.6500000000000004
1.8
0.05
0.30000000000000004
1.6500000000000001
0.8500000000000001
3.0
1.1
0.8500000000000001
1.4000000000000001
3.45
0.30000000000000004
3.3000000000000003
5.550000000000001
3.25
0.2
0.2
2.8000000000000003
11.15
0.5
0.45
4.2
10.25
0.8
6.800000000000001
8.0
12.05
0.15000000000000002
0.05
0.15000000000000002
0.05
0.30000000000000004
0.7000000000000001
13.4
0.2
4.75
0.15000000000000002
2.15
0.05
0.4
0.30000000000000004
0.45
0.1
0.2
0.30000000000000004
0.05
1.5
10.450000000000001
0.7000000000000001
6.15
0.55
0.5
0.1
0.05
1.5
3.45
1.1500000000000001
0.8500000000000001
11.5
2.8000000000000003
3.2
1.1500000000000001
7.7
3.1
1.7000000000000002
0.25
0.05
1.3
11.8
5.9
5.6000000000000005
0.6000000000000001
5.5
3.35
1.7000000000000002
0.4
1.4000000000000001
5.75
4.2
3.95
0.8
1.5
0.05
0.25
0.2
0.05
6.8500000000000005
0.2
0.5
14.100000000000001
3.75
0.2
0.1
1.55
2.25
0.55
0.2
1.35
8.5
0.05
2.3000000000000003
1.1500000000000001
2.7
1.5
0.65
2.8000000000000003
0.05
3.8000000000000003
2.5
3.45
0.35000000000000003
0.9
1.55
1.75
14.450000000000001
3.9000000000000004
3.25
0.25
0.9
3.5
3.9000000000000004
5.15
9.35
0.15000000000000002
1.6
0.6000000000000001
7.15
0.55
1.4500000000000002
0.30000000000000004
1.6
3.45
0.55
0.5
0.25
0.65
0.9500000000000001
0.05
2.15
7.0
5.45
8.1
2.95
1.1
0.65
0.05
0.5
8.35
0.4
0.45
0.05
3.0500000000000003
1.6500000000000001
3.0
0.4
5.45
0.05
1.0
0.25
0.7000000000000001
2.75
0.1
0.1
2.3000000000000003
0.30000000000000004
1.2000000000000002
0.25
3.4000000000000004
2.0500000000000003
0.25
1.1500000000000001
1.0
2.0
4.65
0.5
0.15000000000000002
2.2
0.45
1.6500000000000001
1.4500000000000002
0.05
2.3000000000000003
0.5
0.5
2.85
0.8500000000000001
3.85
0.2
0.65
0.30000000000000004
0.25
0.25
1.75
0.65
2.0
0.15000000000000002
0.4
4.45
0.65
0.05
0.15000000000000002
0.1
0.8500000000000001
0.75
1.7000000000000002
3.85
0.15000000000000002
2.0
3.8000000000000003
0.55
2.95
1.0
0.30000000000000004
0.2
0.55
1.25
5.9
6.800000000000001
0.75
0.55
5.0
1.1
0.5
0.30000000000000004
0.15000000000000002
0.25
0.05
0.05
0.15000000000000002
0.5
9.8
1.4000000000000001
0.35000000000000003
8.4
0.30000000000000004
1.35
0.2
4.8500000000000005
2.75
2.45
2.9000000000000004
2.95
3.4000000000000004
7.550000000000001
1.05
0.05
2.6
1.25
0.1
4.0
8.9
0.05
0.1
4.1000000000000005
1.5
1.1
0.05
1.6500000000000001
0.05
6.3500000000000005
4.15
1.4000000000000001
2.15
4.95
8.8
0.35000000000000003
0.30000000000000004
0.7000000000000001
1.4500000000000002
0.30000000000000004
1.8
2.85
1.25
2.3000000000000003
0.1
0.2
1.35
2.0
0.9
1.85
1.0
0.05
2.1
0.1
14.200000000000001
2.4000000000000004
0.05
0.35000000000000003
3.45
0.65
0.15000000000000002
0.25
1.25
1.85
0.05
0.30000000000000004
0.35000000000000003
0.4
7.550000000000001
0.15000000000000002
6.3500000000000005
0.05
4.4
0.25
6.3500000000000005
0.7000000000000001
2.0500000000000003
1.2000000000000002
1.35
1.35
0.35000000000000003
6.45
2.95
2.4000000000000004
0.30000000000000004
1.3
3.7
0.15000000000000002
2.75
0.1
0.1
2.9000000000000004
0.15000000000000002
0.4
4.8500000000000005
0.25
1.2000000000000002
0.05
0.2
0.7000000000000001
0.8
0.1
5.1000000000000005
0.30000000000000004
0.8500000000000001
0.8
0.05
0.05
1.5
0.05
1.25
2.15
0.45
5.050000000000001
0.05
4.55
1.1500000000000001
5.25
0.2
0.2
1.05
2.2
0.9500000000000001
0.1
0.5
0.30000000000000004
2.8000000000000003
0.15000000000000002
0.1
0.1
2.85
0.2
7.65
2.5
0.1
2.95
0.75
1.75
5.0
3.45
0.15000000000000002
4.15
2.0
0.15000000000000002
2.8000000000000003
4.9
0.75
0.25
1.1500000000000001
3.75
2.2
1.8
6.6000000000000005
4.5
2.6
0.05
3.3000000000000003
0.15000000000000002
0.55
4.05
3.6500000000000004
0.9
1.9500000000000002
1.35
0.15000000000000002
1.1
8.950000000000001
0.65
0.1
4.0
3.35
2.3000000000000003
1.7000000000000002
3.95
0.75
0.05
0.1
0.5
2.5
5.1000000000000005
1.2000000000000002
0.35000000000000003
3.5
1.25
0.1
0.15000000000000002
0.15000000000000002
0.05
1.6500000000000001
4.1000000000000005
7.3500000000000005
11.950000000000001
3.5
0.1
0.30000000000000004
0.1
8.9
0.2
3.35
0.05
0.1
5.8500000000000005
0.45
0.05
0.7000000000000001
0.65
1.7000000000000002
1.85
0.35000000000000003
1.25
4.8500000000000005
2.6500000000000004
0.4
13.600000000000001
0.6000000000000001
2.3000000000000003
0.8500000000000001
0.1
7.1000000000000005
0.30000000000000004
0.55
1.05
1.9500000000000002
0.4
4.55
0.65
2.3000000000000003
0.30000000000000004
0.1
0.1
0.6000000000000001
1.7000000000000002
0.5
0.35000000000000003
1.4500000000000002
0.35000000000000003
4.6000000000000005
3.35
9.65
4.1000000000000005
0.05
0.1
0.25
0.30000000000000004
0.75
4.6000000000000005
0.05
0.1
0.35000000000000003
6.45
1.35
1.9000000000000001
2.0500000000000003
0.1
0.1
4.25
3.25
0.15000000000000002
1.1
0.2
0.8500000000000001
1.05
0.2
0.1
0.05
3.85
0.30000000000000004
0.1
0.35000000000000003
3.7
0.1
2.8000000000000003
0.65
4.5
0.7000000000000001
0.4
0.05
14.850000000000001
9.950000000000001
0.05
3.85
2.4000000000000004
4.0
3.45
1.4500000000000002
0.15000000000000002
0.35000000000000003
12.55
2.3000000000000003
0.35000000000000003
5.800000000000001
7.550000000000001
0.2
2.8000000000000003
0.8500000000000001
6.45
0.4
3.0500000000000003
0.65
0.8500000000000001
12.25
0.05
4.3500000000000005
2.5500000000000003
0.65
0.7000000000000001
2.15
0.5
0.30000000000000004
0.2
1.4000000000000001
1.4000000000000001
1.2000000000000002
1.25
0.4
1.1500000000000001
2.25
0.2
0.1
0.35000000000000003
1.0
5.75
0.55
0.45
9.25
2.0500000000000003
0.15000000000000002
3.45
1.75
0.05
0.25
1.5
1.3
5.25
7.550000000000001
2.3000000000000003
1.35
3.45
0.05
3.0500000000000003
11.100000000000001
0.2
8.4
0.1
0.45
0.15000000000000002
0.1
2.3000000000000003
0.25
2.9000000000000004
1.6
0.8
3.45
0.15000000000000002
1.2000000000000002
2.95
0.9500000000000001
0.65
5.5
5.95
1.35
0.15000000000000002
0.5
4.55
0.2
0.4
3.3000000000000003
2.45
0.75
0.1
0.4
0.6000000000000001
1.7000000000000002
4.95
5.4
1.05
2.9000000000000004
0.15000000000000002
0.25
4.0
2.4000000000000004
0.4
0.05
0.05
0.15000000000000002
0.05
1.5
0.05
1.35
1.3
0.1
0.8500000000000001
1.05
3.1
0.05
0.05
11.450000000000001
2.5
1.2000000000000002
1.1500000000000001
13.65
0.75
0.05
3.8000000000000003
9.850000000000001
2.1
0.9
5.95
0.9500000000000001
0.4
9.950000000000001
13.9
3.5500000000000003
1.5
1.1
1.8
2.6500000000000004
0.5
0.65
0.05
0.30000000000000004
0.5
10.4
4.3500000000000005
2.7
2.15
1.1500000000000001
1.6500000000000001
0.45
0.75
1.05
1.9500000000000002
3.35
0.75
0.30000000000000004
0.2
4.5
0.05
2.45
6.5
0.1
4.5
0.2
0.1
0.55
0.8500000000000001
0.25
0.45
3.5
1.05
0.05
0.6000000000000001
0.30000000000000004
4.7
3.5500000000000003
3.0500000000000003
2.7
1.6500000000000001
0.05
1.35
0.2
12.0
0.65
0.2
5.5
0.1
0.30000000000000004
0.2
0.2
0.4
3.95
0.4
0.9500000000000001
0.75
3.25
1.1500000000000001
1.3
3.35
0.05
3.35
2.0500000000000003
0.15000000000000002
9.35
0.7000000000000001
9.3
1.4000000000000001
1.6500000000000001
0.25
8.75
0.6000000000000001
2.35
11.600000000000001
2.4000000000000004
2.2
2.45
0.25
0.6000000000000001
0.30000000000000004
2.4000000000000004
2.0
0.5
3.1500000000000004
0.30000000000000004
1.05
9.1
6.050000000000001
0.25
0.6000000000000001
0.30000000000000004
7.5
5.550000000000001
0.2
7.3500000000000005
9.1
0.05
4.45
1.85
2.3000000000000003
2.0
4.8500000000000005
0.65
1.05
0.1
1.3
0.2
1.3
2.75
2.0500000000000003
0.25
4.2
2.0500000000000003
1.8
1.1500000000000001
1.7000000000000002
0.25
1.1
5.95
3.6
1.05
2.35
1.85
1.9500000000000002
0.15000000000000002
1.5
1.2000000000000002
0.05
0.8
1.3
1.35
3.6500000000000004
1.6500000000000001
0.30000000000000004
6.050000000000001
2.0
0.9
0.05
0.30000000000000004
0.75
0.55
3.45
0.75
0.6000000000000001
0.2
3.35
0.05
0.05
3.9000000000000004
3.3000000000000003
3.45
0.35000000000000003
10.05
3.1
0.5
7.5
5.75
2.45
1.9000000000000001
0.6000000000000001
0.7000000000000001
1.85
9.450000000000001
3.35
2.4000000000000004
3.7
1.85
1.85
1.8
3.6500000000000004
0.2
2.0500000000000003
0.30000000000000004
0.4
0.15000000000000002
1.55
3.0500000000000003
0.30000000000000004
1.6
1.35
0.25
2.9000000000000004
0.2
1.6500000000000001
0.1
2.0
1.1
4.15
3.5
6.2
2.5500000000000003
0.15000000000000002
4.75
0.30000000000000004
7.1000000000000005
1.35
13.3
2.35
0.6000000000000001
4.55
4.0
0.7000000000000001
1.0
0.05
0.5
0.30000000000000004
1.9500000000000002
0.15000000000000002
1.2000000000000002
0.1
0.25
0.05
2.15
0.30000000000000004
10.600000000000001
2.0500000000000003
0.15000000000000002
0.7000000000000001
0.1
0.1
0.05
3.0500000000000003
0.1
1.5
6.0
1.7000000000000002
0.30000000000000004
0.7000000000000001
1.2000000000000002
0.5
0.25
3.3000000000000003
1.7000000000000002
3.45
2.5
0.30000000000000004
1.6
0.1
0.9500000000000001
7.300000000000001
3.2
4.2
0.2
0.25
1.8
2.4000000000000004
0.30000000000000004
0.6000000000000001
0.1
0.8
1.0
1.7000000000000002
2.1
0.4
1.3
0.25
0.05
2.6500000000000004
2.3000000000000003
1.4500000000000002
1.8
5.7
1.1
0.9
1.05
0.8500000000000001
1.9500000000000002
0.15000000000000002
0.8500000000000001
3.5
1.3
9.700000000000001
0.8500000000000001
0.15000000000000002
1.4500000000000002
0.6000000000000001
1.6
2.3000000000000003
1.9500000000000002
0.15000000000000002
1.9500000000000002
0.45
0.45
0.65
5.6000000000000005
6.25
1.4500000000000002
0.9
1.6500000000000001
0.5
0.8
0.9
3.6500000000000004
9.4
0.45
2.8000000000000003
3.75
1.6
2.25
8.25
0.05
0.15000000000000002
3.7
2.6
0.2
2.6500000000000004
1.5
0.2
0.30000000000000004
1.85
4.4
2.15
0.30000000000000004
1.9500000000000002
0.05
4.5
11.25
1.6
3.8000000000000003
0.05
0.30000000000000004
0.9
4.45
0.4
2.25
1.0
6.0
0.1
1.5
0.05
0.15000000000000002
0.05
0.15000000000000002
3.7
0.1
7.300000000000001
1.5
3.5
0.35000000000000003
1.25
3.5500000000000003
1.2000000000000002
0.5
1.5
1.05
5.0
2.75
4.5
1.35
0.35000000000000003
1.1
2.6
2.25
3.0500000000000003
0.05
0.8500000000000001
0.1
0.05
3.5500000000000003
1.5
1.0
2.0
0.30000000000000004
5.6000000000000005
4.1000000000000005
1.0
6.5
3.45
1.05
0.8500000000000001
6.5
1.1
0.15000000000000002
0.1
0.8500000000000001
1.25
1.6500000000000001
0.05
5.3500000000000005
1.35
3.6
0.25
0.45
1.05
2.2
3.4000000000000004
3.5
0.45
0.2
1.2000000000000002
1.25
1.7000000000000002
0.05
1.3
3.45
2.3000000000000003
0.2
0.65
0.5
0.35000000000000003
0.15000000000000002
2.0
2.2
1.25
1.7000000000000002
0.1
0.1
1.8
6.6000000000000005
0.30000000000000004
0.55
1.85
0.2
13.450000000000001
7.15
2.2
5.1000000000000005
0.1
0.30000000000000004
5.15
5.300000000000001
3.1500000000000004
1.7000000000000002
0.15000000000000002
1.25
1.05
3.8000000000000003
0.05
1.25
1.4000000000000001
0.30000000000000004
0.9500000000000001
3.6500000000000004
0.25
0.6000000000000001
4.3
0.05
0.45
1.0
0.2
4.1000000000000005
0.4
1.2000000000000002
4.2
2.1
5.95
1.05
6.800000000000001
2.75
1.9000000000000001
1.25
2.15
3.1500000000000004
11.200000000000001
1.5
3.1500000000000004
2.35
3.85
1.0
2.4000000000000004
0.5
0.25
3.6500000000000004
2.3000000000000003
2.15
3.9000000000000004
0.30000000000000004
0.05
1.2000000000000002
0.55
0.30000000000000004
2.1
4.05
1.4000000000000001
1.05
0.1
0.4
0.55
4.65
0.75
3.45
2.5500000000000003
0.8500000000000001
0.65
2.5
7.15
0.9500000000000001
4.8500000000000005
0.75
3.95
0.5
2.4000000000000004
0.2
0.15000000000000002
0.8
3.3000000000000003
0.35000000000000003
1.1
0.4
0.05
0.2
0.05
0.8
0.9
0.45
1.05
0.65
4.9
3.0500000000000003
0.5
0.2
1.05
1.25
1.1500000000000001
0.4
1.25
0.25
0.25
2.0
1.4500000000000002
0.25
2.85
0.15000000000000002
0.25
1.05
0.45
1.4500000000000002
0.55
0.9500000000000001
7.050000000000001
0.25
1.4000000000000001
0.05
0.05
1.8
0.8
1.1500000000000001
2.95
0.45
0.8
0.5
1.35
0.15000000000000002
1.4500000000000002
0.1
0.25
13.9
0.9500000000000001
13.850000000000001
6.15
1.75
1.1500000000000001
0.05
0.5
0.30000000000000004
0.2
1.0
6.75
0.25
3.6
0.55
0.2
0.9
1.2000000000000002
5.050000000000001
2.8000000000000003
0.75
7.45
1.7000000000000002
3.1
0.25
9.35
0.1
5.6000000000000005
2.95
0.45
0.2
7.800000000000001
5.8500000000000005
0.2
1.2000000000000002
7.0
1.0
0.30000000000000004
1.9000000000000001
3.8000000000000003
0.2
0.15000000000000002
13.55
3.9000000000000004
0.30000000000000004
0.15000000000000002
1.4000000000000001
0.25
0.15000000000000002
0.65
5.9
0.05
0.15000000000000002
4.45
0.35000000000000003
3.6500000000000004
3.25
0.25
0.25
3.4000000000000004
14.55
0.8500000000000001
2.6
0.55
0.15000000000000002
1.9000000000000001
1.0
3.1500000000000004
5.800000000000001
0.15000000000000002
1.35
1.8
0.15000000000000002
2.75
7.4
0.2
0.15000000000000002
0.45
0.5
0.25
2.8000000000000003
5.5
0.5
11.9
1.75
0.05
0.1
0.1
0.2
1.85
0.9
1.0
0.05
0.15000000000000002
0.1
0.6000000000000001
2.25
0.4
0.45
0.1
1.6
1.9500000000000002
2.35
0.4
1.8
5.550000000000001
4.0
1.6
2.0
2.2
1.55
0.25
0.1
0.2
4.3
1.35
1.9000000000000001
1.25
0.8500000000000001
0.15000000000000002
0.35000000000000003
2.6500000000000004
0.2
0.9
7.050000000000001
1.35
2.0500000000000003
4.25
4.55
2.0500000000000003
0.15000000000000002
3.35
2.95
3.25
0.05
0.05
0.15000000000000002
0.7000000000000001
1.85
0.8500000000000001
0.25
0.30000000000000004
0.2
1.1500000000000001
3.5500000000000003
2.15
2.5
0.1
1.2000000000000002
0.1
0.15000000000000002
2.1
2.3000000000000003
0.15000000000000002
0.8500000000000001
6.2
0.15000000000000002
0.1
3.5500000000000003
1.9500000000000002
1.2000000000000002
0.05
8.05
2.0
7.6000000000000005
1.6500000000000001
1.4000000000000001
2.8000000000000003
1.1500000000000001
1.4000000000000001
2.7
0.45
0.1
0.75
0.30000000000000004
1.1
0.2
1.6
4.1000000000000005
0.2
2.9000000000000004
6.6000000000000005
0.4
1.1500000000000001
0.15000000000000002
1.85
1.5
0.2
0.7000000000000001
1.3
7.050000000000001
4.05
0.2
2.75
14.75
0.7000000000000001
1.35
0.15000000000000002
3.0500000000000003
0.1
1.1500000000000001
7.300000000000001
0.5
0.30000000000000004
1.1500000000000001
1.4000000000000001
0.15000000000000002
1.5
1.6500000000000001
1.1500000000000001
4.25
0.2
0.05
0.05
0.5
1.4000000000000001
1.2000000000000002
0.30000000000000004
0.25
0.2
4.8500000000000005
0.05
0.1
3.3000000000000003
1.25
2.1
0.30000000000000004
0.1
10.15
0.1
0.75
0.05
1.7000000000000002
2.4000000000000004
8.4
1.9500000000000002
1.85
4.3
2.2
1.3
5.0
9.55
0.35000000000000003
1.5
3.6500000000000004
0.6000000000000001
0.2
4.15
3.45
2.35
4.1000000000000005
0.8500000000000001
1.1500000000000001
2.95
2.35
6.4
0.55
1.2000000000000002
1.0
1.75
4.55
9.1
0.8
1.05
1.1
1.3
0.9
5.1000000000000005
0.1
1.1500000000000001
0.5
0.35000000000000003
4.15
1.25
3.5500000000000003
1.85
1.8
0.7000000000000001
0.05
0.15000000000000002
0.15000000000000002
1.6500000000000001
0.15000000000000002
6.25
1.3
0.05
2.15
0.1
6.050000000000001
2.8000000000000003
3.7
0.15000000000000002
11.4
0.30000000000000004
1.6
1.05
1.55
5.4
0.05
13.200000000000001
0.30000000000000004
2.6
11.0
1.55
2.85
0.30000000000000004
1.4000000000000001
1.6500000000000001
1.75
0.15000000000000002
0.4
0.05
0.75
1.05
0.75
0.15000000000000002
0.2
0.25
1.4500000000000002
8.0
2.3000000000000003
0.25
0.1
2.5500000000000003
1.9000000000000001
5.15
2.9000000000000004
2.1
8.1
2.5500000000000003
0.05
0.05
4.6000000000000005
5.2
0.1
1.1500000000000001
0.05
1.8
6.300000000000001
1.9000000000000001
0.15000000000000002
0.9500000000000001
0.9
1.35
0.05
0.15000000000000002
5.550000000000001
0.4
2.0500000000000003
2.6500000000000004
0.55
3.6500000000000004
2.5500000000000003
0.15000000000000002
3.2
0.5
0.25
0.25
1.4500000000000002
0.8500000000000001
0.30000000000000004
0.30000000000000004
6.6000000000000005
2.6500000000000004
4.05
0.35000000000000003
0.05
0.15000000000000002
4.3500000000000005
0.05
5.550000000000001
4.1000000000000005
1.3
0.6000000000000001
6.4
1.35
5.4
0.25
1.0
3.3000000000000003
1.35
5.7
2.75
0.1
6.4
0.15000000000000002
7.5
0.55
0.45
1.4000000000000001
0.30000000000000004
0.05
3.5
0.65
10.850000000000001
0.6000000000000001
2.0500000000000003
0.1
0.45
0.8500000000000001
2.4000000000000004
0.8
0.8
11.0
0.05
0.2
5.5
0.35000000000000003
0.6000000000000001
1.7000000000000002
0.05
0.4
3.0500000000000003
0.2
1.1
2.7
1.35
1.6
0.2
2.85
0.1
1.05
0.8500000000000001
5.15
0.9500000000000001
0.9
0.6000000000000001
2.75
0.2
0.05
0.45
0.55
3.5
5.8500000000000005
3.2
0.55
6.2
0.05
0.2
0.15000000000000002
0.1
0.1
1.1500000000000001
1.9500000000000002
0.65
0.1
1.1500000000000001
10.4
5.4
0.1
0.2
0.05
1.55
0.30000000000000004
1.4500000000000002
7.800000000000001
0.45
12.05
0.35000000000000003
0.9500000000000001
2.0500000000000003
1.4500000000000002
0.4
0.05
0.05
2.35
0.4
0.30000000000000004
0.45
0.05
0.1
2.6
0.45
0.25
6.550000000000001
0.1
2.2
1.55
0.1
4.3500000000000005
0.1
1.1
0.25
0.2
0.1
1.1
0.45
0.65
0.2
0.8
1.4000000000000001
4.0
2.4000000000000004
1.85
0.65
0.45
1.6500000000000001
0.15000000000000002
1.0
0.9
1.6500000000000001
0.45
0.65
0.15000000000000002
8.200000000000001
0.7000000000000001
2.15
4.1000000000000005
0.25
0.05
4.0
2.5
5.0
0.30000000000000004
2.4000000000000004
1.1
3.5
0.05
3.45
0.1
5.15
3.0
1.2000000000000002
0.25
1.85
2.3000000000000003
0.1
0.65
0.1
4.7
2.5
12.3
0.05
0.05
5.1000000000000005
0.8
8.4
1.35
2.3000000000000003
1.1500000000000001
4.3500000000000005
1.8
5.8500000000000005
0.4
0.5
1.4000000000000001
0.4
3.5500000000000003
3.0
2.3000000000000003
2.0500000000000003
0.15000000000000002
0.25
1.4500000000000002
9.4
1.3
1.25
0.25
0.2
0.35000000000000003
4.9
0.15000000000000002
1.5
3.25
0.30000000000000004
2.7
0.4
0.7000000000000001
3.85
14.5
1.6500000000000001
12.0
1.05
4.1000000000000005
0.8
0.1
13.950000000000001
4.5
2.6
1.85
3.7
2.45
0.9500000000000001
2.45
3.0
3.85
0.30000000000000004
0.05
1.4500000000000002
5.050000000000001
5.25
0.7000000000000001
0.65
2.85
6.15
0.30000000000000004
6.1000000000000005
0.2
2.5500000000000003
2.95
0.4
1.25
0.05
0.9500000000000001
1.35
2.6
3.75
2.5
2.6
3.2
13.600000000000001
0.65
0.7000000000000001
0.75
1.55
1.4000000000000001
4.75
1.85
3.35
0.05
2.7
0.8500000000000001
0.1
0.05
3.9000000000000004
3.6
2.75
5.1000000000000005
12.4
1.1
0.9500000000000001
5.050000000000001
0.2
0.05
3.1
0.05
0.25
3.1500000000000004
1.0
1.9000000000000001
0.35000000000000003
2.4000000000000004
0.1
0.9500000000000001
5.3500000000000005
3.45
0.15000000000000002
3.25
0.2
1.1
2.15
0.05
0.05
5.7
3.5500000000000003
0.15000000000000002
2.85
0.05
0.35000000000000003
0.5
0.05
4.4
0.2
3.25
8.5
0.15000000000000002
0.15000000000000002
0.8
2.2
0.25
4.0
0.15000000000000002
2.5500000000000003
2.0500000000000003
1.9500000000000002
3.75
1.05
0.2
3.9000000000000004
5.2
0.25
0.2
5.800000000000001
0.05
0.4
0.8500000000000001
5.45
12.05
3.1500000000000004
1.0
0.65
0.1
1.25
1.6
0.2
2.25
0.05
0.5
4.1000000000000005
0.55
1.1
7.5
3.4000000000000004
1.6
0.9500000000000001
0.9
0.1
0.05
4.7
1.1500000000000001
0.05
0.7000000000000001
0.05
0.35000000000000003
2.4000000000000004
0.30000000000000004
2.95
0.05
2.95
4.4
0.05
0.05
5.4
2.9000000000000004
5.2
0.4
1.75
0.4
4.95
0.2
0.05
0.9500000000000001
0.75
1.9000000000000001
0.7000000000000001
2.2
9.1
1.2000000000000002
2.4000000000000004
3.35
0.45
0.05
0.45
8.950000000000001
0.15000000000000002
0.5
1.9000000000000001
0.9500000000000001
0.75
0.15000000000000002
1.0
0.35000000000000003
4.0
2.0500000000000003
0.2
2.6
3.0500000000000003
1.1500000000000001
1.4500000000000002
6.25
0.25
1.0
0.05
0.75
0.45
1.0
0.55
0.8
0.35000000000000003
1.2000000000000002
1.1500000000000001
0.6000000000000001
4.9
0.15000000000000002
3.5
0.6000000000000001
8.05
2.0
1.2000000000000002
0.05
5.45
1.05
0.65
0.15000000000000002
0.30000000000000004
0.2
1.7000000000000002
0.15000000000000002
0.1
0.1
4.5
0.4
0.75
3.75
0.30000000000000004
0.15000000000000002
1.6
2.1
1.25
1.35
2.8000000000000003
0.25
3.0
3.75
0.65
0.15000000000000002
0.15000000000000002
3.85
2.25
1.1500000000000001
0.05
3.8000000000000003
2.85
1.6500000000000001
1.2000000000000002
6.5
2.6500000000000004
1.0
12.200000000000001
3.1500000000000004
14.15
0.2
2.15
0.8
2.5500000000000003
3.1500000000000004
0.5
1.9000000000000001
0.30000000000000004
1.3
1.1500000000000001
1.55
0.05
0.8
0.2
3.5500000000000003
0.1
2.95
2.85
12.850000000000001
0.15000000000000002
0.05
0.4
0.15000000000000002
0.2
0.2
1.1500000000000001
1.85
0.15000000000000002
0.55
3.0500000000000003
0.1
0.2
0.1
0.05
12.0
0.1
1.85
4.95
0.8
1.2000000000000002
1.5
0.30000000000000004
2.2
0.7000000000000001
0.05
0.25
1.1
7.65
0.75
1.85
1.55
13.350000000000001
5.300000000000001
0.65
0.6000000000000001
1.9000000000000001
3.95
3.6500000000000004
2.5
0.45
3.85
0.8
1.6
1.8
0.55
0.15000000000000002
2.75
0.2
1.2000000000000002
9.850000000000001
0.1
5.4
1.0
0.35000000000000003
0.05
1.2000000000000002
0.1
0.5
0.05
0.35000000000000003
1.25
0.2
2.7
4.0
0.05
0.05
2.85
0.9
0.15000000000000002
1.1
0.05
1.2000000000000002
3.85
2.6
1.2000000000000002
0.15000000000000002
0.9500000000000001
2.35
0.2
0.25
0.35000000000000003
1.7000000000000002
10.350000000000001
6.800000000000001
0.05
5.3500000000000005
0.9
0.35000000000000003
0.4
1.75
1.35
2.95
1.9500000000000002
1.35
1.7000000000000002
5.0
0.4
0.2
10.350000000000001
0.30000000000000004
0.55
0.35000000000000003
0.6000000000000001
1.05
2.1
2.5
3.0
0.1
0.35000000000000003
3.95
3.85
0.5
6.8500000000000005
4.45
0.30000000000000004
0.55
0.9500000000000001
1.8
2.6
0.5
0.6000000000000001
0.8500000000000001
3.45
0.05
0.1
0.7000000000000001
1.9500000000000002
0.1
3.8000000000000003
0.05
1.1500000000000001
0.8
0.2
0.05
0.45
4.25
1.1500000000000001
6.15
0.2
6.6000000000000005
4.25
13.200000000000001
0.25
5.6000000000000005
6.9
3.0500000000000003
0.7000000000000001
0.1
0.55
1.3
0.25
2.25
2.35
3.95
1.35
3.1
0.1
0.15000000000000002
2.2
1.5
0.2
0.75
0.25
0.15000000000000002
1.3
2.6
6.95
1.8
0.4
4.4
0.8500000000000001
0.6000000000000001
0.30000000000000004
7.300000000000001
0.8
0.4
2.2
0.1
5.5
1.0
0.1
4.45
6.15
0.2
6.95
3.1
2.85
2.3000000000000003
1.2000000000000002
0.1
3.0500000000000003
3.0
0.45
0.2
0.05
7.95
0.9
0.55
1.55
9.05
1.85
14.200000000000001
2.0500000000000003
1.7000000000000002
0.65
1.9000000000000001
2.5500000000000003
1.4500000000000002
2.0500000000000003
2.5500000000000003
9.05
0.5
8.55
0.30000000000000004
1.3
0.5
3.6500000000000004
0.15000000000000002
2.0500000000000003
0.30000000000000004
0.9500000000000001
3.75
2.0
0.8
0.30000000000000004
2.5
5.3500000000000005
1.05
0.15000000000000002
2.2
0.05
0.45
2.8000000000000003
0.7000000000000001
1.1500000000000001
6.15
1.5
0.05
5.300000000000001
0.65
0.5
0.15000000000000002
0.55
0.05
4.6000000000000005
1.4000000000000001
1.1
2.4000000000000004
0.7000000000000001
0.05
0.8500000000000001
2.5500000000000003
0.75
0.30000000000000004
2.2
2.75
0.15000000000000002
0.15000000000000002
0.1
3.75
0.25
0.2
0.45
6.6000000000000005
0.1
1.55
1.6500000000000001
1.0
3.9000000000000004
14.350000000000001
0.15000000000000002
0.75
1.1
3.6
1.8
3.7
0.15000000000000002
1.6500000000000001
4.800000000000001
0.05
0.5
0.45
7.550000000000001
13.200000000000001
3.3000000000000003
0.1
4.800000000000001
1.35
6.550000000000001
4.6000000000000005
1.05
0.15000000000000002
3.3000000000000003
3.0
0.2
0.1
0.55
2.35
0.8
3.0
3.1500000000000004
3.25
1.6500000000000001
13.200000000000001
0.9500000000000001
3.5500000000000003
2.4000000000000004
1.3
7.3500000000000005
0.15000000000000002
0.35000000000000003
2.25
1.55
0.2
0.15000000000000002
1.9500000000000002
10.25
0.35000000000000003
7.4
0.30000000000000004
0.05
3.7
0.05
3.0500000000000003
5.8500000000000005
0.7000000000000001
0.9500000000000001
0.9500000000000001
0.1
12.700000000000001
1.6
0.15000000000000002
0.30000000000000004
1.6
4.800000000000001
1.25
0.45
5.65
0.8500000000000001
0.75
3.25
0.05
2.0
2.85
5.1000000000000005
0.4
0.5
1.8
1.35
0.05
2.25
3.0
1.05
0.30000000000000004
0.1
0.30000000000000004
1.4000000000000001
0.55
1.6
0.4
0.55
0.35000000000000003
1.2000000000000002
2.7
2.6
2.7
0.45
0.2
1.0
0.15000000000000002
1.9500000000000002
0.15000000000000002
3.9000000000000004
0.1
3.25
3.95
0.05
2.2
0.55
3.0
4.7
0.1
0.15000000000000002
0.2
0.25
0.4
14.55
0.45
2.25
3.75
3.45
2.4000000000000004
0.7000000000000001
0.25
1.9000000000000001
0.05
0.2
0.1
1.4500000000000002
0.15000000000000002
0.1
2.1
4.2
0.7000000000000001
0.55
0.05
0.05
4.800000000000001
0.05
0.15000000000000002
2.5500000000000003
11.5
3.6
1.4500000000000002
1.1500000000000001
4.1000000000000005
1.8
0.9500000000000001
1.2000000000000002
0.05
1.5
0.2
0.05
1.9000000000000001
1.3
1.1
5.6000000000000005
0.30000000000000004
4.15
0.25
2.6500000000000004
1.6
0.25
0.45
0.15000000000000002
0.7000000000000001
0.15000000000000002
2.8000000000000003
1.4000000000000001
1.3
0.05
0.05
1.25
0.30000000000000004
0.8500000000000001
5.050000000000001
7.45
0.7000000000000001
2.35
6.15
0.15000000000000002
3.1
0.35000000000000003
3.75
2.2
1.9000000000000001
1.4500000000000002
2.75
4.5
1.7000000000000002
0.30000000000000004
2.15
2.9000000000000004
3.1
4.65
11.100000000000001
8.85
6.8500000000000005
3.35
2.5
6.4
0.1
0.75
12.5
2.75
1.5
0.15000000000000002
1.0
1.8
4.5
0.30000000000000004
7.65
0.75
1.05
3.0500000000000003
0.1
0.25
1.5
1.85
0.5
1.6
0.9
1.55
1.35
2.7
2.0
0.15000000000000002
2.0
1.25
0.05
0.2
3.0500000000000003
4.7
2.1
1.9000000000000001
3.1500000000000004
4.05
4.0
2.2
3.8000000000000003
0.4
0.7000000000000001
1.6
9.200000000000001
0.30000000000000004
1.4500000000000002
1.7000000000000002
0.05
0.45
3.85
4.3
0.1
4.0
1.85
0.9500000000000001
0.1
0.05
1.1500000000000001
0.1
2.35
0.8
1.4500000000000002
4.5
8.55
0.05
2.6500000000000004
3.0
14.4
0.15000000000000002
1.7000000000000002
0.05
0.2
0.05
0.45
6.1000000000000005
0.05
1.1500000000000001
0.5
0.1
0.75
2.0
0.1
0.9500000000000001
1.0
3.35
5.3500000000000005
0.55
1.35
2.8000000000000003
0.25
2.4000000000000004
7.5
1.9000000000000001
1.6500000000000001
3.45
0.2
2.0500000000000003
1.1
4.8500000000000005
0.4
0.05
2.6
0.30000000000000004
5.1000000000000005
0.2
3.4000000000000004
0.05
0.8500000000000001
3.45
1.1
0.45
0.65
0.15000000000000002
0.9500000000000001
0.8
4.5
4.95
2.6500000000000004
2.7
0.1
0.55
0.35000000000000003
9.8
12.9
0.8
3.75
0.15000000000000002
1.8
0.05
6.300000000000001
1.4500000000000002
4.0
1.4500000000000002
0.25
0.1
0.2
0.30000000000000004
0.45
0.1
1.25
0.35000000000000003
1.35
1.7000000000000002
2.95
1.0
9.75
8.5
1.9500000000000002
0.8
3.2
2.3000000000000003
6.8500000000000005
2.75
0.75
0.05
0.2
0.05
0.55
0.2
4.7
0.1
4.65
0.5
0.35000000000000003
0.35000000000000003
1.7000000000000002
0.8500000000000001
4.0
4.15
8.55
2.15
4.15
1.05
0.35000000000000003
0.65
5.45
14.100000000000001
0.15000000000000002
0.1
0.9
1.55
0.05
0.5
0.05
0.05
2.7
9.25
0.1
0.05
2.15
0.1
0.4
12.950000000000001
4.5
0.5
10.05
3.7
0.8500000000000001
1.05
4.3500000000000005
0.1
0.15000000000000002
5.6000000000000005
1.35
2.95
3.0500000000000003
5.550000000000001
0.2
0.5
0.8
0.5
4.4
5.300000000000001
3.1500000000000004
2.75
0.1
0.30000000000000004
0.8500000000000001
0.30000000000000004
0.15000000000000002
1.2000000000000002
0.65
3.6
3.9000000000000004
2.0
0.2
0.15000000000000002
2.8000000000000003
1.85
4.15
4.8500000000000005
2.8000000000000003
0.5
2.95
2.0
3.6
2.15
0.35000000000000003
1.25
0.05
1.55
2.5
5.7
1.0
0.8
0.1
0.05
2.15
0.8500000000000001
1.55
0.15000000000000002
0.2
1.6
0.25
0.05
0.7000000000000001
0.2
0.15000000000000002
3.85
1.7000000000000002
2.5
3.95
0.9
0.1
1.4500000000000002
0.45
1.85
0.55
2.45
2.85
0.15000000000000002
1.1
0.6000000000000001
2.1
5.15
0.9500000000000001
1.4000000000000001
1.0
2.9000000000000004
0.25
0.15000000000000002
3.5
1.35
1.5
0.9500000000000001
0.1
0.15000000000000002
8.85
0.9500000000000001
1.4000000000000001
7.300000000000001
0.2
0.05
8.55
2.45
0.2
2.35
7.9
1.55
2.3000000000000003
0.15000000000000002
1.9000000000000001
5.2
0.15000000000000002
1.3
2.25
0.2
0.4
0.45
0.75
0.25
0.9
3.0
2.15
0.55
0.45
0.5
0.05
1.6
0.2
0.05
0.9500000000000001
2.9000000000000004
4.75
0.15000000000000002
1.9500000000000002
10.100000000000001
3.1
0.35000000000000003
0.8500000000000001
1.2000000000000002
0.9
7.8500000000000005
4.3500000000000005
0.15000000000000002
0.1
10.5
0.9
2.2
2.2
0.6000000000000001
2.6500000000000004
1.25
4.25
0.1
0.15000000000000002
0.7000000000000001
0.35000000000000003
1.8
0.2
3.7
0.55
2.7
0.1
4.95
1.1500000000000001
1.55
0.8500000000000001
1.0
0.05
4.4
1.8
3.1500000000000004
0.4
3.0500000000000003
1.55
0.2
0.15000000000000002
4.3500000000000005
1.05
1.1500000000000001
1.4000000000000001
1.1500000000000001
0.30000000000000004
0.05
8.65
0.2
1.1
1.35
3.3000000000000003
0.05
5.300000000000001
3.5500000000000003
2.15
0.5
2.15
1.5
9.05
0.30000000000000004
1.1500000000000001
1.1
0.30000000000000004
2.85
0.25
0.8500000000000001
1.05
1.4000000000000001
0.15000000000000002
0.15000000000000002
4.45
0.05
3.6500000000000004
3.1
1.05
0.30000000000000004
0.25
6.2
1.55
0.75
0.55
0.25
2.4000000000000004
0.1
2.1
0.35000000000000003
4.5
0.75
2.85
0.75
1.6
1.6
1.1500000000000001
0.1
2.45
10.9
3.5500000000000003
2.5500000000000003
0.05
3.1
2.4000000000000004
0.05
4.2
0.2
0.55
0.35000000000000003
1.9000000000000001
0.5
0.15000000000000002
2.25
2.3000000000000003
3.6
3.7
3.9000000000000004
0.05
1.35
1.75
2.7
0.4
1.6
1.7000000000000002
2.85
1.3
8.35
0.65
2.9000000000000004
1.7000000000000002
0.30000000000000004
4.3500000000000005
0.05
1.55
0.30000000000000004
1.7000000000000002
7.15
0.05
0.30000000000000004
0.05
0.15000000000000002
0.2
0.9500000000000001
3.3000000000000003
0.65
0.65
14.25
0.65
6.5
0.75
0.05
2.85
2.25
0.15000000000000002
4.75
1.4500000000000002
1.2000000000000002
7.7
5.050000000000001
1.55
0.9
12.15
1.0
0.1
0.9
4.3
3.95
0.55
1.85
3.8000000000000003
2.35
1.1500000000000001
2.4000000000000004
6.45
3.25
1.9500000000000002
4.55
0.75
0.1
3.0
1.0
0.05
3.0
11.950000000000001
0.30000000000000004
0.9
0.25
2.85
0.65
4.75
4.45
0.9500000000000001
3.45
9.05
0.05
0.2
1.7000000000000002
0.45
0.15000000000000002
2.6500000000000004
0.25
1.3
2.1
0.05
0.05
4.9
0.05
2.15
0.9500000000000001
2.45
1.1500000000000001
1.6500000000000001
0.15000000000000002
0.1
4.1000000000000005
12.100000000000001
2.75
2.15
4.800000000000001
1.4000000000000001
3.45
0.9
2.45
1.2000000000000002
3.5500000000000003
0.25
4.7
0.30000000000000004
0.5
0.1
3.2
1.4000000000000001
8.25
0.15000000000000002
1.05
0.05
0.35000000000000003
12.200000000000001
0.7000000000000001
9.65
2.2
0.2
4.0
4.55
4.75
0.05
1.5
0.05
0.5
0.05
0.55
5.6000000000000005
1.1
1.1500000000000001
5.75
15.0
7.800000000000001
1.5
0.2
1.4000000000000001
0.8
0.15000000000000002
0.2
0.55
5.75
5.8500000000000005
7.75
0.65
9.15
0.35000000000000003
1.1
1.35
0.55
1.85
2.45
2.4000000000000004
0.4
3.75
0.15000000000000002
0.35000000000000003
0.15000000000000002
0.1
0.45
2.1
1.35
0.8500000000000001
0.05
0.75
1.6
0.1
0.15000000000000002
3.6
0.1
0.9
0.9
8.3
0.8500000000000001
0.30000000000000004
3.4000000000000004
0.4
4.4
2.45
0.05
2.35
0.55
3.5500000000000003
0.05
0.25
2.45
0.1
3.95
2.6
0.2
5.75
4.0
2.5
1.1500000000000001
1.9500000000000002
0.8500000000000001
3.95
3.7
0.4
1.1
3.7
3.0
0.9
4.3
0.2
8.950000000000001
1.25
6.45
0.5
1.3
0.1
1.5
2.35
7.300000000000001
0.45
4.55
4.25
0.7000000000000001
1.4000000000000001
0.25
5.1000000000000005
0.4
12.3
0.45
0.55
0.55
0.2
2.75
0.55
0.45
1.8
2.6
2.45
0.45
0.2
0.7000000000000001
0.5
8.75
