106.66656
59.99994
63.333270000000006
66.6666
209.99979000000002
709.9992900000001
426.66624
419.99958000000004
113.33322000000001
83.33325
216.66645
3.33333
149.99985
219.99978000000002
56.666610000000006
136.66653000000002
16.66665
176.66649000000004
43.333290000000005
193.33314000000004
9.999990000000002
36.666630000000005
86.66658000000001
96.66657000000002
43.333290000000005
39.99996000000001
76.66659000000001
3.33333
203.33313
346.66632000000004
133.3332
9.999990000000002
49.99995
16.66665
26.66664
276.66639000000004
73.33326000000001
126.66654000000001
29.99997
149.99985
203.33313
119.99988
3.33333
49.99995
16.66665
106.66656
46.66662000000001
109.99989000000001
33.3333
96.66657000000002
146.66652000000002
109.99989000000001
26.66664
3.33333
23.333310000000004
6.66666
303.33303
13.33332
66.6666
259.99974000000003
299.9997
13.33332
19.999980000000004
26.66664
46.66662000000001
3.33333
156.66651000000002
139.99986
26.66664
249.99975
33.3333
113.33322000000001
189.99981000000002
23.333310000000004
13.33332
89.99991000000001
223.33311
189.99981000000002
16.66665
346.66632000000004
163.33317000000002
6.66666
16.66665
369.9996300000001
46.66662000000001
13.33332
56.666610000000006
143.33319
69.99993
93.33324000000002
3.33333
286.66638
6.66666
16.66665
199.9998
3.33333
59.99994
29.99997
23.333310000000004
49.99995
23.333310000000004
856.6658100000001
6.66666
163.33317000000002
116.66655
16.66665
16.66665
6.66666
6.66666
6.66666
263.33307
13.33332
129.99987000000002
33.3333
53.33328
19.999980000000004
6.66666
89.99991000000001
79.99992000000002
569.9994300000001
9.999990000000002
73.33326000000001
86.66658000000001
319.99968000000007
69.99993
23.333310000000004
129.99987000000002
9.999990000000002
16.66665
179.99982000000003
149.99985
223.33311
29.99997
3.33333
353.3329800000001
399.9996
3.33333
3.33333
103.33323
3.33333
123.33321000000001
106.66656
59.99994
3.33333
909.99909
89.99991000000001
89.99991000000001
423.33291
143.33319
29.99997
16.66665
69.99993
39.99996000000001
39.99996000000001
353.3329800000001
109.99989000000001
29.99997
213.33312
646.6660200000001
6.66666
129.99987000000002
149.99985
103.33323
23.333310000000004
73.33326000000001
169.99983000000003
73.33326000000001
19.999980000000004
9.999990000000002
3.33333
109.99989000000001
56.666610000000006
9.999990000000002
6.66666
23.333310000000004
26.66664
456.66621000000004
63.333270000000006
9.999990000000002
13.33332
496.66617
709.9992900000001
186.66648000000004
133.3332
23.333310000000004
869.99913
119.99988
116.66655
23.333310000000004
49.99995
56.666610000000006
263.33307
243.33309000000003
13.33332
63.333270000000006
319.99968000000007
79.99992000000002
133.3332
9.999990000000002
176.66649000000004
116.66655
729.9992700000001
59.99994
23.333310000000004
3.33333
36.666630000000005
109.99989000000001
3.33333
156.66651000000002
59.99994
3.33333
139.99986
16.66665
909.99909
13.33332
9.999990000000002
139.99986
79.99992000000002
3.33333
206.66646
79.99992000000002
9.999990000000002
3.33333
16.66665
699.9993000000001
9.999990000000002
49.99995
329.99967000000004
3.33333
219.99978000000002
46.66662000000001
3.33333
153.33318000000003
416.66625
279.99972
16.66665
129.99987000000002
329.99967000000004
166.6665
699.9993000000001
59.99994
486.66618000000005
176.66649000000004
93.33324000000002
836.66583
196.66647000000003
29.99997
3.33333
149.99985
496.66617
373.33296000000007
419.99958000000004
239.99976
79.99992000000002
146.66652000000002
196.66647000000003
43.333290000000005
103.33323
33.3333
76.66659000000001
26.66664
229.99977
486.66618000000005
3.33333
39.99996000000001
673.3326600000001
213.33312
116.66655
156.66651000000002
3.33333
46.66662000000001
103.33323
6.66666
133.3332
96.66657000000002
229.99977
166.6665
23.333310000000004
196.66647000000003
6.66666
19.999980000000004
3.33333
149.99985
6.66666
199.9998
216.66645
539.99946
129.99987000000002
186.66648000000004
326.66634000000005
226.66644000000002
223.33311
16.66665
13.33332
543.33279
243.33309000000003
309.99969000000004
99.9999
746.6659200000001
9.999990000000002
333.333
566.6661
106.66656
416.66625
329.99967000000004
3.33333
159.99984000000003
86.66658000000001
73.33326000000001
236.66643000000002
73.33326000000001
23.333310000000004
259.99974000000003
99.9999
293.33304000000004
79.99992000000002
36.666630000000005
13.33332
93.33324000000002
6.66666
3.33333
9.999990000000002
543.33279
99.9999
149.99985
39.99996000000001
889.9991100000001
3.33333
6.66666
46.66662000000001
116.66655
359.99964000000006
6.66666
213.33312
9.999990000000002
6.66666
116.66655
136.66653000000002
86.66658000000001
13.33332
106.66656
39.99996000000001
49.99995
9.999990000000002
9.999990000000002
13.33332
36.666630000000005
103.33323
189.99981000000002
19.999980000000004
13.33332
13.33332
26.66664
326.66634000000005
99.9999
189.99981000000002
166.6665
6.66666
113.33322000000001
146.66652000000002
13.33332
29.99997
9.999990000000002
19.999980000000004
83.33325
663.3326700000001
56.666610000000006
379.99962000000005
313.33302000000003
166.6665
23.333310000000004
206.66646
816.66585
3.33333
173.33316000000002
3.33333
26.66664
3.33333
339.99966000000006
99.9999
43.333290000000005
36.666630000000005
206.66646
46.66662000000001
246.66642000000002
13.33332
3.33333
3.33333
73.33326000000001
303.33303
49.99995
9.999990000000002
433.3329
13.33332
26.66664
589.99941
3.33333
303.33303
26.66664
159.99984000000003
146.66652000000002
6.66666
16.66665
96.66657000000002
6.66666
16.66665
9.999990000000002
3.33333
193.33314000000004
6.66666
66.6666
266.6664
6.66666
89.99991000000001
73.33326000000001
146.66652000000002
239.99976
153.33318000000003
156.66651000000002
23.333310000000004
96.66657000000002
9.999990000000002
693.3326400000001
33.3333
39.99996000000001
93.33324000000002
56.666610000000006
269.99973
173.33316000000002
683.3326500000001
3.33333
483.33285
113.33322000000001
306.66636000000005
583.33275
109.99989000000001
9.999990000000002
49.99995
126.66654000000001
46.66662000000001
449.99955
166.6665
89.99991000000001
86.66658000000001
49.99995
23.333310000000004
3.33333
3.33333
196.66647000000003
196.66647000000003
423.33291
79.99992000000002
173.33316000000002
16.66665
249.99975
563.3327700000001
59.99994
6.66666
63.333270000000006
3.33333
9.999990000000002
36.666630000000005
76.66659000000001
53.33328
33.3333
306.66636000000005
496.66617
26.66664
16.66665
6.66666
216.66645
6.66666
53.33328
216.66645
43.333290000000005
143.33319
46.66662000000001
899.9991
13.33332
63.333270000000006
419.99958000000004
103.33323
169.99983000000003
196.66647000000003
136.66653000000002
126.66654000000001
9.999990000000002
6.66666
319.99968000000007
3.33333
9.999990000000002
13.33332
156.66651000000002
109.99989000000001
19.999980000000004
119.99988
3.33333
283.33305
39.99996000000001
6.66666
19.999980000000004
59.99994
6.66666
73.33326000000001
169.99983000000003
243.33309000000003
6.66666
13.33332
33.3333
163.33317000000002
33.3333
163.33317000000002
13.33332
39.99996000000001
376.66629000000006
359.99964000000006
53.33328
23.333310000000004
109.99989000000001
146.66652000000002
76.66659000000001
13.33332
6.66666
19.999980000000004
409.99959
393.33294000000006
13.33332
156.66651000000002
53.33328
29.99997
3.33333
106.66656
156.66651000000002
119.99988
299.9997
119.99988
13.33332
46.66662000000001
89.99991000000001
3.33333
266.6664
9.999990000000002
93.33324000000002
29.99997
49.99995
3.33333
163.33317000000002
129.99987000000002
26.66664
126.66654000000001
16.66665
459.99954
13.33332
26.66664
33.3333
53.33328
9.999990000000002
36.666630000000005
116.66655
3.33333
19.999980000000004
93.33324000000002
119.99988
139.99986
79.99992000000002
29.99997
119.99988
116.66655
293.33304000000004
103.33323
179.99982000000003
129.99987000000002
13.33332
396.66627000000005
66.6666
319.99968000000007
166.6665
136.66653000000002
123.33321000000001
323.33301000000006
3.33333
389.9996100000001
3.33333
13.33332
123.33321000000001
39.99996000000001
296.66637000000003
463.33287
366.66630000000004
103.33323
63.333270000000006
663.3326700000001
259.99974000000003
13.33332
136.66653000000002
583.33275
276.66639000000004
116.66655
16.66665
23.333310000000004
3.33333
6.66666
399.9996
139.99986
243.33309000000003
213.33312
106.66656
53.33328
386.6662800000001
29.99997
33.3333
36.666630000000005
63.333270000000006
36.666630000000005
33.3333
36.666630000000005
303.33303
3.33333
176.66649000000004
433.3329
146.66652000000002
9.999990000000002
3.33333
9.999990000000002
143.33319
96.66657000000002
43.333290000000005
16.66665
819.99918
186.66648000000004
43.333290000000005
3.33333
186.66648000000004
116.66655
136.66653000000002
566.6661
316.66635
93.33324000000002
256.66641000000004
656.6660100000001
59.99994
83.33325
213.33312
6.66666
3.33333
3.33333
3.33333
6.66666
153.33318000000003
136.66653000000002
46.66662000000001
9.999990000000002
143.33319
43.333290000000005
949.99905
549.99945
13.33332
23.333310000000004
86.66658000000001
136.66653000000002
53.33328
23.333310000000004
99.9999
23.333310000000004
63.333270000000006
346.66632000000004
283.33305
19.999980000000004
96.66657000000002
6.66666
363.33297000000005
236.66643000000002
239.99976
73.33326000000001
89.99991000000001
19.999980000000004
6.66666
653.3326800000001
23.333310000000004
59.99994
33.3333
176.66649000000004
23.333310000000004
3.33333
573.33276
119.99988
999.999
229.99977
6.66666
13.33332
49.99995
99.9999
493.33284000000003
56.666610000000006
3.33333
129.99987000000002
103.33323
439.99956000000003
6.66666
56.666610000000006
3.33333
13.33332
29.99997
6.66666
36.666630000000005
53.33328
3.33333
3.33333
36.666630000000005
433.3329
759.9992400000001
9.999990000000002
383.33295000000004
6.66666
3.33333
266.6664
39.99996000000001
23.333310000000004
153.33318000000003
29.99997
133.3332
9.999990000000002
213.33312
106.66656
83.33325
163.33317000000002
6.66666
16.66665
63.333270000000006
196.66647000000003
306.66636000000005
343.33299000000005
33.3333
249.99975
26.66664
33.3333
116.66655
263.33307
203.33313
419.99958000000004
156.66651000000002
9.999990000000002
33.3333
416.66625
413.33292
9.999990000000002
3.33333
13.33332
89.99991000000001
33.3333
9.999990000000002
216.66645
13.33332
33.3333
36.666630000000005
379.99962000000005
33.3333
3.33333
76.66659000000001
69.99993
126.66654000000001
266.6664
206.66646
79.99992000000002
19.999980000000004
9.999990000000002
966.6657
43.333290000000005
523.3328100000001
6.66666
59.99994
6.66666
9.999990000000002
169.99983000000003
59.99994
106.66656
6.66666
149.99985
86.66658000000001
6.66666
79.99992000000002
3.33333
213.33312
3.33333
99.9999
23.333310000000004
46.66662000000001
16.66665
26.66664
749.9992500000001
13.33332
26.66664
26.66664
9.999990000000002
426.66624
9.999990000000002
159.99984000000003
19.999980000000004
163.33317000000002
46.66662000000001
363.33297000000005
9.999990000000002
223.33311
126.66654000000001
263.33307
6.66666
3.33333
199.9998
29.99997
6.66666
129.99987000000002
209.99979000000002
143.33319
183.33315000000002
296.66637000000003
473.33286000000004
16.66665
69.99993
9.999990000000002
299.9997
149.99985
109.99989000000001
249.99975
6.66666
303.33303
246.66642000000002
73.33326000000001
63.333270000000006
86.66658000000001
6.66666
53.33328
109.99989000000001
19.999980000000004
129.99987000000002
26.66664
26.66664
9.999990000000002
19.999980000000004
159.99984000000003
6.66666
266.6664
176.66649000000004
3.33333
3.33333
39.99996000000001
19.999980000000004
139.99986
213.33312
