6.65
0.05
0.1
1.6
0.1
2.5
0.25
0.2
2.7
0.15000000000000002
0.05
1.6
4.25
4.1000000000000005
1.85
0.05
0.05
13.8
4.800000000000001
1.4000000000000001
2.6
1.35
0.25
1.85
0.30000000000000004
0.1
2.7
3.2
1.1
0.7000000000000001
7.050000000000001
0.4
7.4
0.5
1.4000000000000001
12.600000000000001
0.05
11.5
2.25
1.6500000000000001
1.05
0.1
0.1
2.5500000000000003
0.4
0.15000000000000002
7.75
5.4
11.450000000000001
0.30000000000000004
1.5
0.15000000000000002
0.75
1.05
1.1500000000000001
0.1
0.30000000000000004
0.65
5.95
0.9500000000000001
1.6500000000000001
1.85
1.8
1.5
0.15000000000000002
0.05
0.65
1.4000000000000001
1.4000000000000001
0.05
4.3
6.0
3.85
5.25
1.6500000000000001
0.05
0.1
4.3500000000000005
1.5
2.75
6.050000000000001
1.4000000000000001
3.95
0.55
11.15
6.800000000000001
0.25
3.45
0.35000000000000003
0.7000000000000001
1.55
0.35000000000000003
2.95
0.30000000000000004
7.45
14.9
4.2
4.2
8.6
3.4000000000000004
1.25
4.0
11.8
9.950000000000001
2.95
4.45
4.4
0.05
0.05
4.55
0.15000000000000002
1.8
7.45
0.05
3.2
1.4000000000000001
1.1
0.55
0.2
1.2000000000000002
2.6
1.3
0.25
0.65
1.1
2.95
0.45
0.30000000000000004
0.2
0.2
11.200000000000001
0.4
0.15000000000000002
0.9
7.75
1.05
1.6
1.0
0.15000000000000002
0.05
1.35
1.55
0.15000000000000002
0.05
5.75
1.4500000000000002
4.65
0.05
1.5
0.05
4.0
0.05
0.05
0.1
0.9500000000000001
0.1
1.75
1.2000000000000002
0.9500000000000001
0.2
3.3000000000000003
11.200000000000001
2.5
12.9
0.65
0.25
0.2
5.4
0.15000000000000002
14.700000000000001
1.6
0.1
0.05
0.35000000000000003
3.45
1.6
3.0
2.6500000000000004
1.5
2.5
0.55
4.75
2.75
4.05
7.0
0.1
0.7000000000000001
0.65
0.2
3.7
8.25
1.3
11.4
5.65
0.9500000000000001
1.25
3.9000000000000004
14.700000000000001
0.05
1.25
5.15
2.3000000000000003
0.9
0.45
0.8500000000000001
8.700000000000001
2.85
3.7
1.6500000000000001
2.35
0.55
0.7000000000000001
5.15
0.1
2.6500000000000004
2.8000000000000003
1.4500000000000002
0.5
2.95
1.4500000000000002
4.3
0.15000000000000002
2.9000000000000004
12.4
0.9
10.5
4.55
0.35000000000000003
0.05
1.8
7.050000000000001
5.1000000000000005
0.1
1.25
0.9500000000000001
9.15
1.35
7.300000000000001
5.5
1.25
5.9
1.4000000000000001
0.4
11.8
0.8
2.75
0.05
0.05
1.3
2.85
0.7000000000000001
1.8
0.55
9.0
0.05
0.1
0.30000000000000004
1.5
0.8500000000000001
0.05
13.0
0.9500000000000001
2.25
7.65
0.2
0.05
0.2
1.3
1.7000000000000002
0.1
5.65
2.45
6.6000000000000005
8.3
4.3500000000000005
5.6000000000000005
0.65
1.3
4.3
0.75
0.1
4.15
8.1
5.800000000000001
0.55
0.30000000000000004
0.4
0.05
10.65
2.85
0.4
3.0
0.1
1.1500000000000001
5.65
2.35
3.6
1.4500000000000002
4.25
1.4500000000000002
2.5500000000000003
0.45
5.5
1.6
5.45
5.65
0.5
1.2000000000000002
0.1
0.05
1.2000000000000002
8.450000000000001
2.75
1.7000000000000002
1.5
2.6500000000000004
10.100000000000001
6.25
0.05
2.75
0.35000000000000003
0.05
1.05
2.3000000000000003
0.05
0.25
4.0
1.25
2.6500000000000004
10.200000000000001
3.9000000000000004
1.75
2.0
0.5
2.5
2.4000000000000004
0.05
0.1
0.1
0.25
0.05
3.85
0.1
1.5
0.6000000000000001
1.85
0.1
0.15000000000000002
1.5
0.05
0.1
1.1500000000000001
3.5500000000000003
0.15000000000000002
2.6
4.5
0.30000000000000004
0.2
3.1
2.15
2.75
10.8
2.85
3.9000000000000004
0.15000000000000002
5.050000000000001
0.05
1.6
3.0500000000000003
0.9500000000000001
1.7000000000000002
2.8000000000000003
0.15000000000000002
0.4
0.5
0.05
0.2
0.8
2.7
3.0
0.35000000000000003
1.6
1.5
0.8
0.8
11.100000000000001
0.35000000000000003
5.45
3.8000000000000003
1.1500000000000001
1.2000000000000002
0.25
0.45
2.0500000000000003
0.1
6.6000000000000005
0.45
0.05
0.05
1.2000000000000002
0.7000000000000001
0.1
0.05
1.05
1.3
0.25
1.4000000000000001
1.85
0.1
6.1000000000000005
1.7000000000000002
2.7
2.5
0.05
1.1
1.4000000000000001
2.15
7.5
2.2
4.25
4.800000000000001
8.4
2.7
4.1000000000000005
0.15000000000000002
0.05
0.25
2.0
0.1
5.8500000000000005
1.05
4.2
2.35
1.1
11.4
0.25
1.2000000000000002
0.4
0.30000000000000004
3.4000000000000004
8.4
1.3
0.8
1.75
12.350000000000001
0.75
1.5
0.4
2.5
0.25
4.15
1.3
0.2
0.05
3.1
1.25
2.0500000000000003
7.95
4.05
0.4
2.5500000000000003
2.35
0.65
9.75
1.4000000000000001
0.15000000000000002
2.1
4.05
0.05
7.0
0.8500000000000001
1.4500000000000002
5.300000000000001
1.1
2.95
2.7
0.15000000000000002
0.45
1.25
5.7
1.6500000000000001
3.35
0.05
0.05
0.15000000000000002
0.25
4.15
0.25
0.35000000000000003
0.55
12.8
0.2
13.5
0.9500000000000001
4.75
7.95
5.15
4.3
0.1
0.2
0.1
0.35000000000000003
1.1
3.8000000000000003
1.4000000000000001
4.3500000000000005
2.9000000000000004
0.6000000000000001
7.45
13.5
10.600000000000001
2.5
0.25
1.4000000000000001
0.45
5.9
0.2
4.3
2.75
11.450000000000001
2.6500000000000004
0.1
1.75
0.1
1.1500000000000001
2.45
5.4
1.4000000000000001
4.15
0.55
2.7
2.3000000000000003
10.55
2.35
0.30000000000000004
0.9
0.25
1.7000000000000002
0.9500000000000001
1.75
4.25
1.3
1.8
0.35000000000000003
2.0500000000000003
3.2
2.6
0.75
1.75
9.55
1.5
1.55
1.8
11.600000000000001
0.8
0.8500000000000001
5.2
1.1500000000000001
2.7
8.700000000000001
0.05
1.4500000000000002
0.4
0.1
0.1
0.05
2.5
1.1500000000000001
1.5
5.550000000000001
1.55
6.6000000000000005
2.5500000000000003
2.35
7.6000000000000005
5.5
1.4000000000000001
4.05
1.25
1.4500000000000002
2.15
3.9000000000000004
4.3
0.05
0.25
5.5
1.0
3.0
0.4
0.2
1.2000000000000002
2.6
1.55
1.5
5.7
0.1
0.1
0.1
1.3
0.15000000000000002
0.05
5.4
0.05
0.30000000000000004
0.30000000000000004
5.25
5.15
0.4
0.7000000000000001
0.65
1.1
3.45
0.1
0.25
4.15
5.15
2.5500000000000003
0.30000000000000004
4.95
2.5
0.30000000000000004
0.8500000000000001
3.8000000000000003
1.8
0.45
1.25
3.0
1.85
11.3
3.75
1.6500000000000001
4.05
0.1
1.75
1.6
0.05
0.05
2.95
1.1500000000000001
0.55
1.3
1.5
0.8500000000000001
1.4500000000000002
9.55
1.2000000000000002
0.1
0.1
4.45
0.25
14.100000000000001
0.25
0.6000000000000001
5.4
1.8
0.65
0.8
1.25
0.8500000000000001
0.7000000000000001
0.1
1.85
2.2
14.65
1.55
7.2
1.35
1.7000000000000002
10.55
2.5500000000000003
9.950000000000001
0.05
0.05
1.5
1.1500000000000001
0.35000000000000003
2.2
3.6
2.6
0.8500000000000001
2.0
4.6000000000000005
9.25
0.05
0.55
1.85
1.4000000000000001
0.4
1.4500000000000002
0.35000000000000003
1.75
9.0
1.05
0.55
0.05
0.05
3.8000000000000003
0.2
3.35
2.5500000000000003
0.45
4.6000000000000005
0.1
2.5
1.6500000000000001
7.050000000000001
1.05
0.9
12.200000000000001
9.05
0.55
0.2
1.25
5.8500000000000005
1.4000000000000001
9.05
0.9
1.7000000000000002
1.8
0.30000000000000004
0.1
9.700000000000001
0.1
7.800000000000001
1.55
3.35
4.3
0.2
0.1
1.35
9.25
0.15000000000000002
0.7000000000000001
0.75
2.75
14.850000000000001
1.4500000000000002
0.1
1.2000000000000002
9.1
0.55
1.35
0.05
3.95
0.15000000000000002
0.05
2.3000000000000003
10.600000000000001
12.600000000000001
2.75
0.45
3.2
0.55
2.95
4.4
1.6500000000000001
2.85
6.3500000000000005
1.75
1.75
0.05
9.0
5.75
0.9
10.5
1.55
0.6000000000000001
5.15
0.1
0.15000000000000002
0.15000000000000002
2.85
0.5
0.15000000000000002
0.4
4.9
2.0
0.1
1.85
0.05
0.2
0.2
0.7000000000000001
0.25
0.30000000000000004
4.6000000000000005
0.05
11.450000000000001
2.6500000000000004
0.25
0.15000000000000002
6.95
2.8000000000000003
1.05
0.7000000000000001
13.950000000000001
0.05
0.25
0.45
4.9
0.05
0.05
1.4500000000000002
1.05
0.05
0.35000000000000003
1.2000000000000002
5.5
9.55
0.25
1.5
0.35000000000000003
0.05
3.8000000000000003
0.05
5.65
0.1
7.550000000000001
1.3
2.95
0.15000000000000002
2.6
1.5
1.35
0.05
1.7000000000000002
2.15
0.4
1.3
0.2
4.75
0.1
0.05
1.05
1.85
0.05
1.35
0.8
0.8
2.85
0.05
0.2
3.6500000000000004
0.1
0.05
0.25
1.4000000000000001
0.1
0.8
1.55
0.35000000000000003
1.6500000000000001
8.4
3.5
3.85
11.75
1.7000000000000002
0.35000000000000003
2.95
0.05
2.35
1.55
9.65
4.3500000000000005
3.6
5.5
3.6
3.3000000000000003
9.8
0.25
1.6
2.0
1.6500000000000001
13.700000000000001
0.2
1.75
0.1
5.5
7.0
0.5
4.75
4.45
1.1500000000000001
0.05
4.0
1.7000000000000002
2.6500000000000004
0.8500000000000001
3.35
2.45
0.05
12.75
0.1
0.15000000000000002
0.1
5.1000000000000005
3.0
0.5
6.95
0.7000000000000001
1.4000000000000001
0.15000000000000002
0.05
0.1
2.95
2.0
0.1
1.1
1.25
8.05
0.05
8.4
0.9500000000000001
8.700000000000001
3.4000000000000004
10.8
1.85
1.55
12.15
4.0
0.2
2.95
0.15000000000000002
5.25
2.75
0.1
5.550000000000001
1.85
0.9
2.0500000000000003
1.4500000000000002
0.2
1.7000000000000002
1.75
0.1
1.7000000000000002
0.1
0.1
0.05
1.0
2.35
1.35
3.45
1.55
0.4
1.05
2.6
2.5500000000000003
1.7000000000000002
2.6500000000000004
0.15000000000000002
2.7
0.6000000000000001
5.8500000000000005
11.15
4.2
1.85
10.75
0.4
0.5
2.85
0.35000000000000003
0.55
1.4500000000000002
0.75
1.4000000000000001
0.2
1.6500000000000001
2.6500000000000004
1.8
12.8
6.9
1.1
0.1
0.25
1.8
4.7
0.05
1.25
0.05
5.4
3.0
4.55
1.85
0.1
2.75
1.25
10.200000000000001
0.7000000000000001
1.4500000000000002
0.2
8.5
4.5
12.450000000000001
0.1
2.0500000000000003
0.2
1.4500000000000002
0.25
0.05
1.5
0.15000000000000002
2.75
1.2000000000000002
1.8
5.5
0.45
0.05
13.0
5.8500000000000005
0.4
2.8000000000000003
0.1
1.5
0.25
5.45
0.15000000000000002
0.1
1.4500000000000002
6.15
1.05
0.5
0.1
6.65
0.05
5.3500000000000005
10.700000000000001
2.6500000000000004
1.4500000000000002
1.5
0.25
1.9000000000000001
1.5
2.4000000000000004
1.2000000000000002
3.75
7.45
10.0
1.3
0.9
3.5
0.05
0.6000000000000001
2.7
0.9
2.6500000000000004
0.7000000000000001
0.75
4.3500000000000005
0.05
1.85
0.05
0.2
5.3500000000000005
0.05
8.25
1.7000000000000002
9.5
12.700000000000001
1.05
0.05
2.8000000000000003
2.75
0.5
1.3
0.1
0.4
3.4000000000000004
4.1000000000000005
1.2000000000000002
5.9
0.7000000000000001
0.8
0.15000000000000002
13.600000000000001
8.200000000000001
0.55
1.4500000000000002
12.350000000000001
0.2
0.30000000000000004
2.6500000000000004
0.75
4.05
1.4500000000000002
0.15000000000000002
6.65
0.05
0.05
0.45
1.05
2.0
0.4
13.950000000000001
0.35000000000000003
0.15000000000000002
0.1
6.4
0.05
1.5
0.2
0.1
0.05
1.5
1.4500000000000002
9.0
0.1
0.05
5.4
5.25
0.05
0.4
1.8
5.800000000000001
3.95
4.05
4.5
0.1
10.9
2.15
0.25
0.7000000000000001
2.5500000000000003
0.25
0.1
2.6
4.55
2.45
1.5
9.55
0.1
0.1
2.6500000000000004
5.3500000000000005
2.8000000000000003
2.25
0.9
1.55
2.75
9.600000000000001
14.950000000000001
1.6
1.3
3.95
9.0
3.0500000000000003
1.05
0.1
0.1
0.9
3.8000000000000003
12.600000000000001
1.2000000000000002
0.1
5.550000000000001
4.4
0.9
13.05
7.9
0.05
0.35000000000000003
1.3
3.0500000000000003
4.4
0.4
7.25
0.1
0.8500000000000001
0.1
3.2
6.75
3.1500000000000004
0.05
1.35
11.05
11.75
0.2
1.6500000000000001
0.35000000000000003
1.3
14.0
0.15000000000000002
0.55
0.8500000000000001
5.3500000000000005
2.7
0.05
0.4
0.2
2.1
0.8
7.550000000000001
1.1
6.65
0.1
0.15000000000000002
0.15000000000000002
0.6000000000000001
2.4000000000000004
0.15000000000000002
3.0
0.25
3.3000000000000003
4.15
5.3500000000000005
2.0500000000000003
1.25
4.2
1.3
7.2
1.75
3.9000000000000004
8.35
1.6500000000000001
1.7000000000000002
5.550000000000001
0.55
0.9
2.85
1.25
1.85
0.15000000000000002
1.05
0.55
11.65
0.5
14.65
0.35000000000000003
0.15000000000000002
2.6
2.35
0.5
5.0
0.1
5.4
1.75
8.0
0.05
1.6500000000000001
0.05
0.9500000000000001
0.5
2.6500000000000004
0.4
1.7000000000000002
1.75
0.35000000000000003
1.1500000000000001
1.1500000000000001
14.75
5.4
2.0500000000000003
0.30000000000000004
0.8
4.15
0.05
3.1500000000000004
1.1500000000000001
1.8
0.25
0.7000000000000001
3.7
0.05
0.05
0.05
11.8
2.25
0.45
0.1
0.05
0.6000000000000001
0.45
0.30000000000000004
2.85
1.05
3.0
1.05
0.8500000000000001
4.05
1.9000000000000001
2.7
0.2
2.5500000000000003
0.1
1.6500000000000001
2.4000000000000004
1.55
0.30000000000000004
9.200000000000001
2.6500000000000004
0.05
0.25
10.25
1.1
1.25
1.1
3.95
0.8500000000000001
1.6
0.2
0.2
0.05
0.1
5.2
0.2
0.25
12.9
0.8
0.8500000000000001
9.700000000000001
0.15000000000000002
1.2000000000000002
0.4
2.6
13.600000000000001
3.5
4.95
0.15000000000000002
7.15
6.9
0.15000000000000002
2.9000000000000004
0.45
4.7
0.25
0.1
0.45
0.15000000000000002
0.30000000000000004
0.1
6.800000000000001
1.1500000000000001
3.5
0.1
0.6000000000000001
2.6500000000000004
0.75
0.05
0.05
0.9500000000000001
0.05
0.5
0.05
1.35
1.75
0.5
8.700000000000001
0.8500000000000001
0.9
2.5
1.85
2.25
3.45
3.85
2.7
0.35000000000000003
7.25
0.45
2.8000000000000003
1.4000000000000001
1.25
0.2
3.0
0.5
0.4
2.1
3.7
1.4500000000000002
0.05
0.35000000000000003
0.35000000000000003
1.8
0.05
3.0500000000000003
4.8500000000000005
0.2
1.3
2.5500000000000003
0.05
0.05
0.6000000000000001
8.75
1.6500000000000001
0.2
11.200000000000001
13.55
0.15000000000000002
0.05
2.6500000000000004
2.0
2.0
1.6
0.05
0.35000000000000003
11.15
0.1
10.350000000000001
6.6000000000000005
0.6000000000000001
0.1
0.55
0.30000000000000004
1.5
10.55
2.45
4.2
0.55
0.05
1.75
8.15
1.75
4.55
5.6000000000000005
2.8000000000000003
13.850000000000001
2.75
0.65
13.600000000000001
9.8
1.9000000000000001
1.75
0.2
0.65
1.55
1.1500000000000001
3.85
0.15000000000000002
1.4000000000000001
4.9
1.3
0.5
1.1
0.45
2.1
2.6500000000000004
2.25
1.05
1.5
0.15000000000000002
1.4000000000000001
1.2000000000000002
0.05
4.8500000000000005
0.05
0.05
2.0500000000000003
1.55
1.35
6.050000000000001
0.55
11.5
0.55
0.55
0.15000000000000002
1.5
1.55
1.75
0.1
0.15000000000000002
3.4000000000000004
0.1
0.45
0.75
2.9000000000000004
6.2
5.45
1.3
3.0500000000000003
7.0
13.9
1.05
0.1
4.95
5.4
1.7000000000000002
7.45
4.05
0.25
4.45
0.05
0.35000000000000003
0.2
0.8500000000000001
1.55
4.1000000000000005
0.1
5.15
1.05
3.25
0.25
2.0500000000000003
10.950000000000001
7.300000000000001
0.30000000000000004
0.15000000000000002
0.05
1.55
1.4500000000000002
0.25
0.9500000000000001
1.3
4.2
0.05
13.950000000000001
1.75
0.25
2.9000000000000004
5.7
1.6500000000000001
1.2000000000000002
0.2
0.15000000000000002
0.30000000000000004
0.35000000000000003
1.05
0.2
0.15000000000000002
0.5
1.75
1.4000000000000001
0.15000000000000002
0.4
1.25
0.2
0.25
0.55
0.2
0.7000000000000001
11.55
0.15000000000000002
2.6500000000000004
0.15000000000000002
4.8500000000000005
0.15000000000000002
5.75
0.7000000000000001
0.5
2.5500000000000003
1.2000000000000002
0.8500000000000001
0.15000000000000002
0.4
2.6500000000000004
1.4000000000000001
2.75
0.05
0.55
1.4000000000000001
13.55
0.05
0.5
0.15000000000000002
2.0
1.35
0.15000000000000002
6.65
0.9500000000000001
2.8000000000000003
1.2000000000000002
0.30000000000000004
9.950000000000001
11.100000000000001
6.3500000000000005
0.05
2.0
0.25
0.6000000000000001
0.05
5.550000000000001
1.05
7.300000000000001
0.05
0.9
1.0
13.100000000000001
5.0
3.35
0.05
4.25
0.7000000000000001
0.15000000000000002
1.4500000000000002
0.25
3.1500000000000004
0.25
6.25
6.45
12.3
10.700000000000001
6.3500000000000005
6.7
2.7
0.05
12.5
2.5
1.4000000000000001
6.3500000000000005
5.9
4.1000000000000005
3.6
1.1500000000000001
2.45
2.85
0.2
2.6500000000000004
0.7000000000000001
4.5
8.1
1.6
2.45
2.25
0.05
0.15000000000000002
3.0500000000000003
0.55
5.15
0.15000000000000002
3.8000000000000003
0.05
10.4
1.1500000000000001
1.1
4.55
3.5
3.4000000000000004
0.15000000000000002
0.2
0.2
5.4
2.6500000000000004
6.95
10.200000000000001
9.950000000000001
8.200000000000001
1.5
8.75
7.3500000000000005
0.15000000000000002
5.4
1.4000000000000001
8.3
0.8500000000000001
0.05
0.1
1.6
4.5
1.6
0.55
3.8000000000000003
1.4000000000000001
5.1000000000000005
2.75
0.15000000000000002
2.0500000000000003
0.05
3.75
0.1
0.1
0.05
0.15000000000000002
0.05
1.05
1.7000000000000002
2.5
0.15000000000000002
1.6
2.8000000000000003
9.5
1.35
4.15
0.15000000000000002
4.5
2.6500000000000004
7.7
0.1
0.1
1.5
1.6
12.0
0.2
4.25
4.45
0.2
0.05
0.6000000000000001
4.2
1.25
4.0
0.1
0.4
0.35000000000000003
1.0
9.5
3.85
0.35000000000000003
0.5
0.15000000000000002
0.30000000000000004
0.05
6.65
10.3
0.05
1.0
0.8500000000000001
7.300000000000001
1.85
2.7
9.0
8.0
0.1
1.6500000000000001
0.05
0.1
7.1000000000000005
1.4000000000000001
2.8000000000000003
5.0
4.7
0.25
8.75
4.0
0.35000000000000003
1.55
4.8500000000000005
5.5
0.05
0.5
0.30000000000000004
0.9
0.9500000000000001
3.2
1.75
0.25
0.65
2.35
13.5
2.8000000000000003
2.75
5.4
9.1
1.4000000000000001
0.45
3.8000000000000003
5.8500000000000005
1.4000000000000001
2.6
0.25
2.75
0.1
0.55
10.5
1.6500000000000001
0.15000000000000002
0.05
0.8500000000000001
0.2
0.30000000000000004
0.75
3.85
0.35000000000000003
1.6500000000000001
11.75
0.2
14.5
0.25
0.30000000000000004
5.800000000000001
0.55
0.7000000000000001
1.7000000000000002
4.55
0.1
0.15000000000000002
8.6
0.15000000000000002
6.8500000000000005
7.4
3.9000000000000004
0.65
1.0
1.9500000000000002
0.05
0.05
0.05
3.3000000000000003
0.05
3.0
1.4500000000000002
0.05
2.7
0.7000000000000001
2.95
0.1
2.35
2.9000000000000004
0.2
0.05
0.65
6.75
2.6
5.7
0.05
0.05
0.45
2.6
0.2
1.25
6.5
0.05
0.2
0.30000000000000004
0.15000000000000002
0.15000000000000002
7.75
5.800000000000001
5.9
8.3
13.25
8.6
1.25
1.35
0.05
0.15000000000000002
0.15000000000000002
1.75
2.45
0.5
1.6500000000000001
0.2
8.200000000000001
1.4000000000000001
0.05
1.2000000000000002
9.700000000000001
2.9000000000000004
4.75
0.05
0.25
6.0
1.2000000000000002
2.5
0.5
0.6000000000000001
1.05
2.45
0.2
0.05
0.1
0.7000000000000001
0.05
0.1
1.0
0.05
2.9000000000000004
0.30000000000000004
1.25
0.05
0.30000000000000004
14.4
0.6000000000000001
2.85
0.45
3.5500000000000003
5.800000000000001
0.7000000000000001
3.25
0.1
7.65
0.30000000000000004
2.8000000000000003
0.1
0.05
0.55
0.05
2.1
7.9
0.05
2.25
1.0
0.6000000000000001
10.9
0.65
1.4500000000000002
0.15000000000000002
1.8
0.15000000000000002
0.30000000000000004
0.2
0.2
0.9
2.75
2.85
5.5
11.55
10.700000000000001
0.15000000000000002
2.5500000000000003
6.65
8.0
0.1
0.15000000000000002
0.9
0.5
11.100000000000001
1.6500000000000001
0.5
0.9
4.45
0.15000000000000002
1.1
0.2
0.35000000000000003
0.15000000000000002
7.550000000000001
3.1500000000000004
0.05
0.05
1.25
6.75
0.25
4.4
11.200000000000001
8.3
0.05
0.4
10.5
2.85
12.15
0.30000000000000004
0.30000000000000004
0.30000000000000004
1.4000000000000001
2.6
0.55
0.5
1.35
13.600000000000001
5.45
3.2
2.9000000000000004
1.8
0.25
0.05
0.35000000000000003
4.05
0.45
0.05
1.4000000000000001
1.25
7.15
8.0
4.45
3.95
0.4
1.2000000000000002
0.25
14.950000000000001
3.0500000000000003
0.05
0.05
0.05
2.0
0.15000000000000002
0.05
4.75
0.35000000000000003
0.1
8.75
1.2000000000000002
4.8500000000000005
6.65
0.2
0.30000000000000004
1.6
0.6000000000000001
0.30000000000000004
1.05
0.1
0.05
0.15000000000000002
0.2
2.7
11.4
5.800000000000001
2.6500000000000004
3.3000000000000003
1.3
2.15
2.5500000000000003
3.35
5.65
0.75
2.4000000000000004
0.05
0.15000000000000002
2.85
7.7
5.300000000000001
0.15000000000000002
2.5
0.05
6.0
10.8
2.85
1.0
0.1
0.05
5.4
1.25
0.9500000000000001
0.15000000000000002
0.05
1.3
4.6000000000000005
3.1500000000000004
6.45
0.15000000000000002
0.1
1.8
2.2
0.35000000000000003
0.15000000000000002
0.2
0.15000000000000002
0.05
1.1500000000000001
1.55
1.3
0.6000000000000001
0.15000000000000002
2.5
10.15
3.75
0.05
1.1500000000000001
1.25
1.4000000000000001
2.8000000000000003
5.050000000000001
0.05
1.55
0.15000000000000002
4.5
4.2
2.5500000000000003
3.25
3.5500000000000003
0.1
2.0500000000000003
0.9500000000000001
3.5
0.35000000000000003
1.2000000000000002
2.0500000000000003
1.1500000000000001
1.7000000000000002
0.1
0.05
4.5
0.05
1.9500000000000002
0.7000000000000001
4.05
0.55
9.600000000000001
3.75
0.30000000000000004
2.1
1.75
0.45
3.8000000000000003
0.15000000000000002
6.95
2.0500000000000003
1.2000000000000002
2.1
0.75
0.25
1.1
0.05
0.05
0.05
2.5
3.1500000000000004
2.5
10.55
11.75
11.8
0.05
1.55
8.700000000000001
0.30000000000000004
2.75
0.15000000000000002
3.85
3.0500000000000003
2.25
5.5
1.75
2.75
7.8500000000000005
2.4000000000000004
0.1
4.05
0.6000000000000001
0.05
8.1
6.9
0.1
0.1
2.35
0.1
0.45
3.0
9.950000000000001
0.05
0.8500000000000001
0.45
5.95
13.5
5.800000000000001
1.4000000000000001
1.6500000000000001
2.75
1.25
0.9500000000000001
6.8500000000000005
0.2
2.5
6.550000000000001
2.7
3.45
1.9500000000000002
0.1
0.75
0.1
0.2
0.35000000000000003
14.100000000000001
1.4000000000000001
2.9000000000000004
3.1500000000000004
3.25
1.1
5.45
6.95
3.0
2.2
9.05
1.3
0.2
0.25
1.3
11.25
0.8500000000000001
6.7
0.75
5.95
2.9000000000000004
0.05
6.75
1.5
11.15
2.9000000000000004
0.45
0.1
0.7000000000000001
1.85
1.55
0.30000000000000004
0.65
0.4
0.55
10.200000000000001
14.850000000000001
2.1
0.1
0.45
1.4000000000000001
4.4
1.8
0.2
4.0
1.2000000000000002
2.5500000000000003
1.7000000000000002
8.1
3.35
0.30000000000000004
0.25
5.5
0.05
0.5
1.0
4.65
1.5
1.25
1.7000000000000002
0.30000000000000004
1.4000000000000001
0.4
0.35000000000000003
0.2
4.7
10.200000000000001
0.1
2.6500000000000004
3.85
8.450000000000001
9.75
1.2000000000000002
0.45
0.1
3.35
7.75
0.1
5.050000000000001
1.35
0.15000000000000002
0.1
5.1000000000000005
1.1500000000000001
3.0500000000000003
13.5
0.8
1.6500000000000001
12.15
1.6
4.15
11.65
1.1
3.9000000000000004
13.350000000000001
0.35000000000000003
1.6
0.05
2.2
0.8
1.3
0.1
1.85
3.95
5.6000000000000005
0.65
0.4
0.15000000000000002
0.5
4.95
0.5
0.2
3.0
0.1
0.35000000000000003
0.6000000000000001
2.7
0.05
0.5
1.35
3.3000000000000003
1.2000000000000002
1.0
3.35
10.5
1.3
1.25
0.35000000000000003
8.4
6.4
1.5
3.0500000000000003
7.300000000000001
1.9000000000000001
1.2000000000000002
11.9
0.75
1.4000000000000001
0.1
3.3000000000000003
8.200000000000001
1.9000000000000001
3.85
6.9
0.05
8.35
0.05
10.3
0.15000000000000002
1.6
10.8
0.45
13.200000000000001
0.30000000000000004
2.15
0.05
0.45
1.8
0.1
12.4
6.75
5.75
5.4
0.15000000000000002
4.2
8.8
4.45
0.05
0.2
0.05
0.05
4.15
3.3000000000000003
0.45
2.85
2.75
0.30000000000000004
3.6
0.2
0.45
0.05
1.85
1.9000000000000001
14.5
7.4
1.75
4.55
2.6
0.6000000000000001
1.0
8.6
3.8000000000000003
1.0
3.6500000000000004
1.6500000000000001
5.0
2.5
0.75
0.05
1.05
7.0
9.4
0.05
1.55
2.9000000000000004
12.950000000000001
0.05
8.4
0.05
11.25
0.1
0.15000000000000002
1.3
9.200000000000001
9.65
6.9
0.45
1.6
11.5
9.75
0.8
3.25
1.8
0.9500000000000001
0.15000000000000002
1.0
3.85
0.1
0.25
0.4
0.8
0.05
1.1
0.15000000000000002
2.6
1.55
0.25
0.05
0.05
1.2000000000000002
0.05
6.75
3.3000000000000003
8.5
14.75
3.35
0.05
1.35
0.1
1.05
11.65
8.15
9.0
0.1
0.1
0.05
0.30000000000000004
0.05
0.4
0.25
3.0
1.0
3.1
13.350000000000001
9.1
7.1000000000000005
0.2
1.55
3.5500000000000003
0.2
1.55
0.45
11.25
2.7
0.1
0.9500000000000001
0.25
1.2000000000000002
0.1
1.5
3.6500000000000004
0.1
0.25
9.450000000000001
0.15000000000000002
2.95
0.75
2.6500000000000004
9.55
0.05
0.1
0.15000000000000002
0.05
4.9
3.45
0.2
4.25
1.25
1.6500000000000001
0.35000000000000003
0.5
11.65
2.0500000000000003
2.85
0.2
13.3
2.2
0.5
4.7
0.7000000000000001
0.1
1.6500000000000001
0.6000000000000001
0.1
0.05
4.6000000000000005
11.0
14.25
0.35000000000000003
9.850000000000001
1.6500000000000001
1.85
0.2
0.05
0.05
2.15
0.6000000000000001
1.4000000000000001
0.05
0.05
0.75
0.6000000000000001
0.30000000000000004
0.05
1.3
0.1
2.8000000000000003
2.25
0.15000000000000002
5.550000000000001
2.6
0.05
1.35
3.8000000000000003
1.05
3.5500000000000003
1.0
0.05
0.8500000000000001
0.45
0.15000000000000002
2.5
3.45
3.3000000000000003
1.55
1.7000000000000002
5.9
1.4500000000000002
0.1
0.15000000000000002
0.05
0.1
1.7000000000000002
0.7000000000000001
4.2
0.05
10.100000000000001
1.5
2.2
0.2
0.15000000000000002
7.15
0.05
1.35
11.200000000000001
2.25
0.75
6.4
0.05
1.25
0.15000000000000002
0.15000000000000002
0.05
4.45
0.1
0.30000000000000004
0.2
0.35000000000000003
2.6
0.05
1.2000000000000002
14.100000000000001
1.9000000000000001
5.15
1.7000000000000002
0.25
1.4000000000000001
1.35
0.8500000000000001
0.15000000000000002
0.15000000000000002
0.45
0.05
6.0
0.75
0.1
0.05
0.05
12.4
0.05
0.2
0.1
1.2000000000000002
0.9
0.1
0.1
3.5
0.45
2.35
1.8
1.5
0.15000000000000002
0.35000000000000003
6.7
2.6
0.05
3.75
7.050000000000001
1.55
2.4000000000000004
4.7
2.85
0.1
8.05
0.2
3.2
13.200000000000001
0.05
1.6500000000000001
2.7
1.4000000000000001
12.25
1.4000000000000001
0.05
4.45
9.5
0.4
1.6
1.4000000000000001
0.2
0.7000000000000001
11.55
8.8
0.05
0.8500000000000001
1.2000000000000002
0.05
1.1
3.6
4.7
0.05
0.6000000000000001
1.6
1.55
4.3
1.2000000000000002
3.85
0.2
2.2
6.2
0.05
0.6000000000000001
1.1500000000000001
2.75
1.6500000000000001
2.15
0.2
1.6500000000000001
0.05
8.25
0.25
1.1
3.1500000000000004
1.2000000000000002
5.45
1.3
5.25
1.6
0.25
11.05
1.9500000000000002
0.15000000000000002
11.25
14.8
4.15
9.65
0.05
0.6000000000000001
0.4
2.8000000000000003
8.5
0.4
2.7
2.8000000000000003
0.2
6.25
0.25
10.100000000000001
0.2
1.55
0.15000000000000002
2.5500000000000003
0.1
0.75
8.6
3.75
0.35000000000000003
9.65
1.7000000000000002
1.8
11.25
1.8
4.05
1.35
0.1
1.6
0.35000000000000003
0.05
0.55
0.2
8.9
0.55
0.05
2.7
2.85
5.550000000000001
1.6500000000000001
2.5
4.15
0.05
2.5500000000000003
0.2
0.65
0.05
0.8500000000000001
4.3
0.2
1.9000000000000001
0.25
0.75
1.6
3.45
3.75
1.1
0.9500000000000001
0.2
1.2000000000000002
0.15000000000000002
0.05
1.55
2.9000000000000004
0.6000000000000001
1.7000000000000002
1.25
1.05
0.75
7.95
0.55
1.2000000000000002
0.25
11.0
1.35
0.05
0.2
0.30000000000000004
2.7
0.25
0.65
1.8
0.8
1.0
1.4000000000000001
0.1
9.15
0.7000000000000001
0.05
12.75
0.05
2.5500000000000003
1.6
4.05
0.05
2.4000000000000004
3.3000000000000003
0.7000000000000001
1.75
1.9000000000000001
3.0
2.9000000000000004
1.6500000000000001
0.1
2.35
5.3500000000000005
0.05
3.1
0.05
3.1500000000000004
14.100000000000001
0.1
2.0500000000000003
2.0
3.35
1.9500000000000002
0.1
14.4
2.9000000000000004
1.4500000000000002
1.4500000000000002
10.3
0.2
0.2
1.85
4.1000000000000005
0.4
0.35000000000000003
0.8500000000000001
0.55
0.05
0.05
0.05
4.2
0.1
2.5500000000000003
3.0500000000000003
2.7
2.25
0.9500000000000001
0.05
1.75
1.1500000000000001
6.65
0.15000000000000002
0.1
1.05
1.55
0.15000000000000002
1.85
4.15
6.65
0.2
5.15
0.4
1.25
1.1500000000000001
0.8500000000000001
9.450000000000001
3.0500000000000003
4.65
0.65
0.55
0.35000000000000003
1.35
1.4500000000000002
0.2
0.25
9.1
0.2
2.15
10.9
0.1
0.1
0.6000000000000001
2.5
2.6
1.6
11.25
0.05
0.05
0.55
0.15000000000000002
0.15000000000000002
0.1
7.1000000000000005
1.0
11.55
2.8000000000000003
0.25
6.1000000000000005
5.2
2.85
1.6
1.0
0.75
0.1
0.05
0.35000000000000003
0.30000000000000004
0.35000000000000003
0.2
2.0
2.6500000000000004
1.55
3.95
3.1500000000000004
2.9000000000000004
1.5
5.2
7.9
7.4
0.1
0.25
1.75
0.2
1.2000000000000002
5.45
0.25
6.0
0.15000000000000002
0.25
2.9000000000000004
9.65
0.1
14.100000000000001
4.15
1.1
10.15
9.200000000000001
1.7000000000000002
10.25
1.4000000000000001
0.25
4.3
0.05
0.2
0.4
3.9000000000000004
1.3
0.1
3.85
1.4000000000000001
0.05
2.8000000000000003
0.15000000000000002
1.2000000000000002
11.200000000000001
0.1
0.05
0.2
0.1
5.9
1.35
1.4500000000000002
8.35
0.9500000000000001
6.25
1.5
2.6
0.1
0.05
13.600000000000001
0.15000000000000002
0.30000000000000004
1.05
1.3
4.75
2.5
0.9500000000000001
1.3
0.05
13.600000000000001
0.35000000000000003
0.1
8.35
10.700000000000001
0.05
1.85
2.25
2.25
0.15000000000000002
1.2000000000000002
0.05
8.6
2.6
0.05
8.55
0.75
4.0
2.75
3.35
0.30000000000000004
6.4
0.25
0.2
2.75
0.30000000000000004
0.05
2.9000000000000004
0.7000000000000001
0.05
0.5
0.35000000000000003
1.35
1.9000000000000001
3.0500000000000003
1.8
1.55
1.05
1.5
0.8
3.8000000000000003
0.15000000000000002
9.5
1.9000000000000001
0.8500000000000001
10.65
3.3000000000000003
1.8
0.1
3.75
1.55
0.15000000000000002
0.30000000000000004
14.700000000000001
0.1
2.95
2.8000000000000003
0.05
0.1
0.2
15.0
3.25
0.1
5.3500000000000005
10.75
1.6
0.55
0.25
2.25
0.45
3.6
0.35000000000000003
1.2000000000000002
2.1
1.6
9.5
4.1000000000000005
8.05
1.05
0.6000000000000001
0.15000000000000002
0.45
1.5
0.2
0.2
4.05
2.5500000000000003
0.2
11.0
0.05
0.05
11.9
3.85
4.15
1.1500000000000001
1.6500000000000001
2.95
0.05
0.05
0.35000000000000003
5.6000000000000005
7.550000000000001
0.2
0.8500000000000001
5.1000000000000005
2.5
6.6000000000000005
1.25
0.4
5.7
0.8500000000000001
4.2
0.45
5.5
2.75
1.6
0.05
1.2000000000000002
1.2000000000000002
0.30000000000000004
3.9000000000000004
0.15000000000000002
3.6500000000000004
0.65
1.1
0.25
1.5
0.55
1.2000000000000002
0.6000000000000001
4.1000000000000005
0.55
0.05
7.050000000000001
3.85
2.2
5.25
2.5500000000000003
0.9
5.3500000000000005
13.950000000000001
0.2
0.05
1.0
7.2
2.85
0.75
1.3
10.9
5.75
0.05
0.35000000000000003
0.1
14.850000000000001
0.4
3.0
0.30000000000000004
1.6
1.55
8.9
0.1
6.7
11.25
12.65
0.15000000000000002
5.45
0.8
0.35000000000000003
0.05
7.75
0.05
1.0
3.7
0.1
11.350000000000001
7.75
1.85
1.05
1.1
9.850000000000001
4.0
11.9
4.15
3.8000000000000003
0.15000000000000002
3.25
0.25
14.100000000000001
2.75
0.05
0.1
1.7000000000000002
0.30000000000000004
2.5500000000000003
11.600000000000001
0.25
14.65
0.15000000000000002
0.1
3.35
2.5
4.9
5.75
10.75
2.6
0.4
2.7
4.25
2.5500000000000003
4.0
2.6500000000000004
0.45
5.2
3.1500000000000004
8.55
1.7000000000000002
0.05
3.0500000000000003
0.15000000000000002
0.1
14.950000000000001
12.4
1.0
0.4
2.8000000000000003
1.6
0.1
3.1500000000000004
1.25
0.30000000000000004
2.75
0.05
0.05
6.9
4.0
0.25
0.65
4.55
0.1
0.8
9.75
0.15000000000000002
0.30000000000000004
0.1
0.05
4.6000000000000005
1.5
1.75
7.050000000000001
6.1000000000000005
0.5
1.0
2.4000000000000004
0.1
1.1500000000000001
0.1
4.15
14.65
7.300000000000001
0.05
0.7000000000000001
0.9500000000000001
3.7
0.30000000000000004
1.75
0.30000000000000004
2.25
4.15
2.9000000000000004
3.45
7.0
4.1000000000000005
0.1
0.75
2.4000000000000004
0.25
0.2
8.15
7.7
0.2
0.45
2.45
9.450000000000001
0.35000000000000003
0.35000000000000003
7.0
0.15000000000000002
0.05
2.85
5.2
2.45
0.75
9.4
9.65
1.1500000000000001
0.15000000000000002
2.4000000000000004
0.9500000000000001
0.05
1.7000000000000002
7.75
2.5500000000000003
1.0
2.8000000000000003
3.25
1.8
1.25
0.05
1.35
4.5
2.85
0.25
13.100000000000001
2.7
0.15000000000000002
0.75
2.35
8.15
1.05
0.75
0.15000000000000002
0.2
0.25
0.4
9.5
5.1000000000000005
0.55
3.0500000000000003
10.950000000000001
7.1000000000000005
0.25
2.9000000000000004
11.850000000000001
1.35
0.15000000000000002
3.3000000000000003
4.6000000000000005
1.85
4.65
0.1
0.1
0.1
0.1
1.75
1.6
0.15000000000000002
5.3500000000000005
0.1
0.05
0.1
1.25
0.35000000000000003
1.75
1.25
3.5
2.5
1.85
1.8
0.4
1.55
0.75
12.3
1.1
0.6000000000000001
3.6500000000000004
0.7000000000000001
3.0
5.3500000000000005
0.25
0.65
1.5
2.45
0.1
1.85
2.9000000000000004
1.75
0.6000000000000001
1.85
0.8500000000000001
11.850000000000001
3.45
0.25
0.2
2.7
1.8
2.95
4.5
0.6000000000000001
0.9
5.45
0.1
0.05
1.1500000000000001
0.8500000000000001
0.1
2.8000000000000003
1.1
9.65
8.8
3.8000000000000003
1.4000000000000001
0.05
4.1000000000000005
11.5
2.25
1.6
2.5
2.3000000000000003
0.4
0.1
0.4
1.8
0.1
0.1
0.25
0.25
2.9000000000000004
0.1
4.75
0.15000000000000002
0.9500000000000001
1.0
0.30000000000000004
1.9000000000000001
2.8000000000000003
0.6000000000000001
1.1500000000000001
0.05
0.35000000000000003
2.75
12.350000000000001
3.95
1.2000000000000002
1.4000000000000001
1.9500000000000002
2.85
3.75
7.7
14.55
0.15000000000000002
5.3500000000000005
3.7
4.1000000000000005
0.15000000000000002
5.6000000000000005
0.5
0.05
4.7
14.75
0.15000000000000002
3.6500000000000004
13.950000000000001
0.9500000000000001
0.05
1.6500000000000001
0.25
0.5
1.3
11.700000000000001
3.8000000000000003
2.75
0.15000000000000002
3.0500000000000003
5.300000000000001
1.05
0.1
9.35
0.05
1.6500000000000001
3.75
14.5
2.7
14.200000000000001
0.7000000000000001
12.55
5.050000000000001
12.850000000000001
2.5500000000000003
1.05
0.45
11.25
5.550000000000001
1.8
1.55
1.1500000000000001
1.85
10.8
3.0500000000000003
1.25
3.5
0.25
0.2
0.8
2.85
13.200000000000001
10.100000000000001
2.95
1.1500000000000001
0.1
1.1
10.0
0.30000000000000004
1.1500000000000001
3.0
4.45
0.1
0.9
8.700000000000001
0.9
11.25
4.1000000000000005
1.25
8.35
2.75
0.2
0.75
1.2000000000000002
1.4500000000000002
4.55
9.55
1.5
3.1
1.55
0.2
0.2
2.0
2.25
1.1500000000000001
0.5
0.05
1.75
5.5
0.05
1.3
2.3000000000000003
2.7
1.85
1.35
9.8
2.9000000000000004
1.4000000000000001
0.4
1.55
2.4000000000000004
1.4000000000000001
0.9
14.600000000000001
3.4000000000000004
0.15000000000000002
1.8
0.1
0.05
0.1
0.25
10.8
4.1000000000000005
4.55
0.2
0.25
1.8
0.1
1.85
0.55
7.75
1.1500000000000001
10.200000000000001
1.6500000000000001
1.7000000000000002
0.8
6.7
6.9
2.6500000000000004
0.45
0.2
0.1
0.35000000000000003
1.6500000000000001
1.3
0.30000000000000004
13.3
5.3500000000000005
2.95
1.4500000000000002
1.75
2.35
0.05
4.7
1.2000000000000002
1.85
3.2
13.75
3.45
2.35
1.25
0.35000000000000003
0.45
0.2
0.25
0.30000000000000004
0.25
2.85
0.45
1.3
0.35000000000000003
3.3000000000000003
0.55
2.9000000000000004
0.25
1.55
0.15000000000000002
0.25
2.75
4.45
1.5
0.05
0.2
0.35000000000000003
0.25
0.15000000000000002
0.5
1.9000000000000001
1.75
0.1
2.9000000000000004
0.2
1.5
0.1
1.85
0.15000000000000002
3.6500000000000004
1.1
0.7000000000000001
1.2000000000000002
0.15000000000000002
5.15
1.35
1.25
5.45
1.6
0.1
11.100000000000001
4.15
1.4000000000000001
8.05
5.3500000000000005
11.8
0.25
1.7000000000000002
12.25
9.1
8.4
0.4
4.2
0.30000000000000004
2.95
0.1
15.0
10.850000000000001
4.9
7.050000000000001
3.9000000000000004
1.4000000000000001
0.15000000000000002
1.0
0.05
0.30000000000000004
1.9000000000000001
6.050000000000001
1.25
1.4500000000000002
3.5
5.2
0.25
0.05
5.95
2.5
3.1500000000000004
2.4000000000000004
8.25
4.0
0.15000000000000002
6.2
4.05
0.1
0.75
0.1
0.05
0.55
5.8500000000000005
1.55
0.1
2.75
0.25
0.8
0.2
0.1
0.15000000000000002
1.2000000000000002
0.45
0.30000000000000004
1.7000000000000002
2.45
5.6000000000000005
0.05
0.2
1.6500000000000001
0.1
4.5
5.1000000000000005
1.85
0.9500000000000001
0.2
1.85
2.7
5.25
2.6500000000000004
6.7
0.1
1.55
0.5
0.05
1.1500000000000001
0.55
0.1
0.35000000000000003
0.1
2.6500000000000004
2.25
1.7000000000000002
0.1
12.3
0.25
1.4000000000000001
1.8
9.75
5.95
2.15
9.450000000000001
1.05
0.45
0.1
5.0
0.1
2.75
0.30000000000000004
0.4
1.0
1.1500000000000001
1.9000000000000001
0.2
4.1000000000000005
0.4
3.6
1.05
0.55
1.1
3.0500000000000003
1.85
4.55
4.45
0.30000000000000004
4.55
5.3500000000000005
12.5
2.7
4.15
0.15000000000000002
1.9500000000000002
0.1
1.1500000000000001
1.35
0.25
8.6
0.35000000000000003
1.55
5.45
3.0
0.55
6.0
3.7
0.6000000000000001
0.5
11.25
2.6500000000000004
1.4000000000000001
0.75
4.75
0.9500000000000001
0.1
0.4
3.3000000000000003
1.4000000000000001
0.4
1.2000000000000002
2.85
5.550000000000001
8.450000000000001
1.3
10.200000000000001
0.05
2.1
6.75
1.5
1.8
0.5
5.550000000000001
1.55
0.2
3.4000000000000004
1.4000000000000001
1.6
0.5
1.7000000000000002
0.15000000000000002
0.8
1.2000000000000002
8.700000000000001
1.35
3.0
12.950000000000001
5.9
9.75
0.05
0.15000000000000002
1.4000000000000001
0.05
8.1
4.45
0.30000000000000004
9.35
0.1
4.45
5.6000000000000005
0.55
0.1
7.5
1.0
3.75
3.1
0.15000000000000002
3.75
1.1
0.4
4.6000000000000005
0.1
0.65
5.3500000000000005
3.25
2.75
4.0
3.8000000000000003
0.6000000000000001
1.1
0.1
1.55
1.3
1.5
1.05
0.5
12.65
5.5
1.4000000000000001
1.5
7.6000000000000005
1.2000000000000002
1.55
0.4
1.0
0.05
0.9
2.95
10.65
4.45
5.6000000000000005
0.05
1.7000000000000002
0.8500000000000001
0.05
1.0
0.25
1.35
0.30000000000000004
0.15000000000000002
1.3
0.05
0.6000000000000001
4.6000000000000005
1.4500000000000002
1.55
1.3
0.1
2.0500000000000003
0.45
4.05
0.45
1.7000000000000002
3.1
12.4
3.25
6.1000000000000005
5.75
1.35
0.9
1.85
6.95
1.05
0.35000000000000003
2.9000000000000004
8.55
1.9000000000000001
0.15000000000000002
2.4000000000000004
0.65
0.75
1.1500000000000001
0.7000000000000001
6.7
5.050000000000001
0.5
6.3500000000000005
0.30000000000000004
1.4000000000000001
0.15000000000000002
0.2
5.25
0.2
7.050000000000001
3.85
2.8000000000000003
2.9000000000000004
1.8
0.15000000000000002
4.45
0.2
1.1500000000000001
12.5
0.05
2.45
0.75
0.25
2.3000000000000003
0.05
0.65
5.4
0.25
0.55
0.25
1.7000000000000002
1.6500000000000001
8.6
0.8
1.2000000000000002
3.5500000000000003
1.0
12.450000000000001
1.9000000000000001
0.4
0.2
1.85
1.1
0.45
12.5
4.4
0.8
1.8
0.5
5.3500000000000005
0.15000000000000002
1.25
0.15000000000000002
0.45
6.550000000000001
0.1
0.65
0.05
1.1
0.45
1.05
7.15
0.05
1.9000000000000001
4.65
1.35
0.15000000000000002
2.0500000000000003
3.95
0.05
2.6
1.6
5.8500000000000005
2.6
1.55
0.1
2.15
0.55
0.1
5.4
5.800000000000001
1.1
0.05
5.5
5.550000000000001
2.0500000000000003
0.15000000000000002
1.25
0.2
0.1
6.65
0.35000000000000003
0.30000000000000004
1.05
0.05
0.05
1.1500000000000001
0.1
0.7000000000000001
0.9500000000000001
2.5
0.25
2.75
0.30000000000000004
0.1
0.2
0.05
0.6000000000000001
1.3
0.1
0.45
0.05
5.4
4.0
4.15
0.2
1.6500000000000001
6.65
0.45
1.7000000000000002
7.9
3.95
0.1
6.9
0.45
3.1
0.05
1.85
0.15000000000000002
1.4500000000000002
2.6500000000000004
1.6500000000000001
1.2000000000000002
0.65
3.75
1.4500000000000002
3.5500000000000003
0.1
0.1
1.9500000000000002
0.8500000000000001
4.4
0.1
0.55
0.25
1.6
7.45
1.8
1.5
3.35
1.1500000000000001
0.05
2.4000000000000004
0.05
5.75
1.4500000000000002
1.3
2.85
5.5
2.6
0.1
1.55
0.2
2.85
0.30000000000000004
0.25
1.5
11.700000000000001
0.1
3.85
1.2000000000000002
1.4500000000000002
1.5
13.700000000000001
0.1
0.05
0.1
2.0
4.1000000000000005
1.2000000000000002
2.95
13.4
4.6000000000000005
1.75
3.8000000000000003
0.1
0.9
0.8
5.800000000000001
1.55
10.55
0.5
0.2
3.95
0.15000000000000002
0.15000000000000002
2.15
1.4500000000000002
2.45
2.5
5.2
3.1500000000000004
1.7000000000000002
0.65
2.45
0.6000000000000001
5.6000000000000005
0.05
1.3
0.5
0.05
0.05
0.05
1.25
0.05
7.45
7.050000000000001
1.4000000000000001
1.6
0.05
0.8
4.1000000000000005
1.4000000000000001
0.35000000000000003
0.05
0.2
3.8000000000000003
0.55
1.75
1.25
1.7000000000000002
0.15000000000000002
1.1500000000000001
12.5
0.05
4.6000000000000005
0.05
7.25
0.35000000000000003
2.9000000000000004
8.1
3.1
1.4500000000000002
3.25
0.35000000000000003
5.1000000000000005
0.35000000000000003
0.1
0.15000000000000002
1.6
5.1000000000000005
3.0500000000000003
0.2
0.8500000000000001
0.35000000000000003
0.1
2.95
1.9000000000000001
1.75
6.9
1.8
0.05
0.4
0.5
5.8500000000000005
1.8
0.25
1.1500000000000001
0.65
0.1
1.05
0.05
14.15
0.05
1.05
4.2
2.4000000000000004
9.65
7.050000000000001
0.1
3.5500000000000003
3.1
0.2
0.5
1.1
0.05
0.9
0.9
3.9000000000000004
2.3000000000000003
1.2000000000000002
0.25
5.550000000000001
2.0500000000000003
12.950000000000001
6.65
1.55
1.25
0.2
0.05
4.0
0.5
4.25
0.30000000000000004
0.05
4.4
0.05
0.1
5.8500000000000005
0.8
0.35000000000000003
0.2
9.700000000000001
0.25
5.550000000000001
0.05
2.9000000000000004
0.05
6.3500000000000005
0.45
11.75
0.30000000000000004
0.1
0.15000000000000002
0.1
2.2
0.25
13.100000000000001
4.3
3.1
5.8500000000000005
0.9500000000000001
0.15000000000000002
0.2
0.2
0.1
0.5
0.1
0.05
1.5
0.45
0.05
1.05
4.5
3.35
5.3500000000000005
4.0
0.1
0.05
13.350000000000001
4.2
1.05
4.6000000000000005
1.7000000000000002
3.5500000000000003
0.25
1.6500000000000001
5.7
0.5
2.4000000000000004
5.45
0.05
0.15000000000000002
0.35000000000000003
0.25
3.8000000000000003
5.75
0.1
0.1
2.6
1.4500000000000002
5.800000000000001
1.2000000000000002
0.1
14.75
10.9
0.2
0.30000000000000004
7.800000000000001
1.55
0.05
0.15000000000000002
11.200000000000001
1.1500000000000001
1.6500000000000001
2.5500000000000003
0.05
5.6000000000000005
0.30000000000000004
0.8
0.2
4.3500000000000005
1.25
4.45
2.15
3.1
1.6500000000000001
1.1500000000000001
2.0
5.95
0.15000000000000002
0.2
1.2000000000000002
0.15000000000000002
8.200000000000001
1.7000000000000002
1.5
3.8000000000000003
1.6
0.15000000000000002
0.9
3.35
0.25
1.1500000000000001
0.25
1.9000000000000001
1.35
0.05
0.15000000000000002
0.2
7.5
2.5500000000000003
1.6500000000000001
1.6500000000000001
0.05
0.75
0.6000000000000001
1.75
3.1
1.35
1.35
4.25
2.7
14.65
0.15000000000000002
1.1500000000000001
0.2
11.9
2.7
0.05
0.15000000000000002
0.8
12.950000000000001
0.4
3.85
3.1500000000000004
0.15000000000000002
3.0500000000000003
0.05
1.4500000000000002
9.450000000000001
13.3
2.0
0.2
1.35
0.5
0.45
0.35000000000000003
4.6000000000000005
0.2
5.75
2.95
9.15
1.2000000000000002
7.25
6.800000000000001
0.30000000000000004
1.4500000000000002
1.6500000000000001
0.4
2.0500000000000003
6.1000000000000005
1.9000000000000001
1.25
5.1000000000000005
4.3500000000000005
4.0
0.05
0.1
0.7000000000000001
1.1500000000000001
0.1
6.1000000000000005
2.2
1.5
2.6500000000000004
1.3
0.15000000000000002
0.35000000000000003
0.15000000000000002
1.35
1.1
3.0500000000000003
0.25
2.2
0.05
0.05
7.1000000000000005
0.8
6.95
0.05
0.05
0.35000000000000003
2.7
0.4
4.4
1.4500000000000002
1.55
0.35000000000000003
3.0
5.300000000000001
0.1
0.1
0.5
1.9500000000000002
2.9000000000000004
4.05
13.950000000000001
0.45
2.45
11.9
9.75
2.0500000000000003
3.9000000000000004
3.0
12.5
2.1
2.85
0.75
0.05
4.7
0.75
0.15000000000000002
0.1
5.4
0.15000000000000002
0.1
0.30000000000000004
3.2
0.1
0.15000000000000002
0.05
0.05
0.65
0.05
0.9
2.75
4.15
1.35
4.05
7.15
7.95
1.25
1.35
1.35
1.6
2.85
0.5
0.15000000000000002
0.15000000000000002
1.75
2.5500000000000003
0.6000000000000001
3.0500000000000003
12.350000000000001
14.200000000000001
2.35
0.05
1.6
2.6500000000000004
13.200000000000001
0.30000000000000004
1.6
3.9000000000000004
0.15000000000000002
2.1
1.05
0.9
2.75
9.0
1.6
0.30000000000000004
3.3000000000000003
0.65
0.25
0.2
12.350000000000001
12.05
3.25
0.7000000000000001
0.1
5.65
0.9500000000000001
0.05
3.6500000000000004
0.55
1.8
4.7
7.75
0.15000000000000002
3.1
0.1
1.4500000000000002
0.1
5.050000000000001
2.6
0.15000000000000002
2.6500000000000004
13.700000000000001
3.25
1.75
2.7
0.30000000000000004
1.75
2.5
1.4000000000000001
0.1
2.85
2.5500000000000003
2.3000000000000003
2.5500000000000003
2.25
3.5
0.05
2.0
13.9
1.05
1.3
0.15000000000000002
0.30000000000000004
2.5500000000000003
5.75
0.75
2.8000000000000003
2.15
3.0
1.1
3.0
0.45
0.5
2.2
0.05
10.75
0.05
6.7
2.75
0.05
0.05
4.25
0.8500000000000001
0.7000000000000001
3.85
0.1
0.1
2.45
0.2
0.30000000000000004
0.4
0.2
1.4500000000000002
4.45
1.4500000000000002
5.0
0.05
0.8
0.65
0.2
0.1
0.1
0.65
0.45
6.8500000000000005
2.1
1.0
0.05
0.25
0.05
0.05
0.9500000000000001
0.30000000000000004
5.300000000000001
0.30000000000000004
0.05
3.5
1.6
2.3000000000000003
1.5
0.4
13.0
1.4500000000000002
0.8
0.05
3.2
0.35000000000000003
5.7
0.05
3.9000000000000004
0.05
4.2
0.45
4.25
2.9000000000000004
0.05
0.15000000000000002
0.15000000000000002
3.25
8.85
2.0500000000000003
0.1
0.35000000000000003
1.5
0.05
2.7
1.55
1.8
4.5
2.6
0.25
3.8000000000000003
1.05
1.55
2.35
0.9
0.05
0.65
13.350000000000001
4.1000000000000005
0.4
0.25
3.0500000000000003
8.450000000000001
1.9000000000000001
0.1
0.15000000000000002
4.7
13.8
1.1
1.25
12.05
1.1500000000000001
5.7
7.95
1.9000000000000001
1.9000000000000001
0.30000000000000004
1.2000000000000002
5.0
3.1
2.6500000000000004
2.75
0.4
0.15000000000000002
3.25
6.3500000000000005
10.55
0.55
0.1
0.1
2.5500000000000003
0.1
0.25
1.6500000000000001
1.6500000000000001
1.55
0.15000000000000002
5.550000000000001
0.1
0.1
3.85
0.1
4.45
0.05
0.05
0.8500000000000001
1.3
8.35
3.0500000000000003
7.15
0.25
0.05
3.0
0.1
2.6500000000000004
4.55
0.05
4.800000000000001
14.0
9.15
3.6
1.1
3.2
2.85
0.2
2.15
4.2
1.9500000000000002
0.1
3.35
1.9500000000000002
11.9
1.3
0.9
0.25
0.05
1.55
0.30000000000000004
1.75
3.85
1.6
7.75
2.8000000000000003
0.1
7.65
1.5
2.4000000000000004
2.45
0.5
7.1000000000000005
1.75
2.1
3.6
13.75
0.6000000000000001
3.85
12.100000000000001
8.65
13.25
0.1
1.3
5.75
9.9
0.35000000000000003
0.30000000000000004
3.6
10.55
1.5
0.4
0.05
2.45
0.2
0.30000000000000004
5.75
0.1
1.4000000000000001
0.1
0.05
0.2
2.75
0.15000000000000002
1.6500000000000001
6.3500000000000005
5.6000000000000005
2.85
0.2
1.8
1.8
1.35
5.0
0.2
8.700000000000001
0.2
0.35000000000000003
6.8500000000000005
1.7000000000000002
2.0
3.6500000000000004
8.25
0.1
7.050000000000001
0.2
7.95
0.9
1.25
1.6500000000000001
0.1
0.30000000000000004
10.8
8.85
0.30000000000000004
3.45
0.4
1.25
0.1
0.15000000000000002
1.6500000000000001
2.95
0.9500000000000001
0.1
1.1
3.7
0.15000000000000002
0.1
1.1
0.5
1.85
0.05
1.8
6.7
4.9
2.4000000000000004
3.2
5.6000000000000005
4.3500000000000005
1.8
1.3
13.350000000000001
12.950000000000001
1.2000000000000002
0.30000000000000004
0.05
1.4000000000000001
0.15000000000000002
1.5
2.95
9.1
1.7000000000000002
0.15000000000000002
3.4000000000000004
10.25
0.75
1.2000000000000002
0.05
2.6500000000000004
2.25
0.15000000000000002
0.35000000000000003
1.7000000000000002
11.25
0.55
0.05
10.4
3.6
1.05
0.2
0.35000000000000003
3.7
3.9000000000000004
0.25
0.65
1.85
12.75
0.25
1.05
0.15000000000000002
1.7000000000000002
6.0
2.8000000000000003
0.05
1.35
1.6500000000000001
0.35000000000000003
0.05
0.05
1.6500000000000001
0.5
4.3500000000000005
3.95
0.6000000000000001
1.05
0.30000000000000004
6.5
0.1
1.05
7.95
0.7000000000000001
6.15
14.950000000000001
5.45
1.6500000000000001
10.4
2.3000000000000003
1.7000000000000002
0.05
4.45
2.6500000000000004
8.3
0.1
3.45
9.200000000000001
0.1
9.15
4.3
0.5
2.5
1.0
1.1500000000000001
2.8000000000000003
0.15000000000000002
0.30000000000000004
0.1
0.05
0.5
1.3
5.7
0.05
7.75
0.15000000000000002
0.05
1.1500000000000001
1.1
2.7
10.9
1.4000000000000001
0.55
1.25
0.05
0.35000000000000003
1.4000000000000001
0.30000000000000004
4.1000000000000005
5.3500000000000005
9.3
1.7000000000000002
3.95
1.4000000000000001
0.45
0.8500000000000001
1.2000000000000002
0.1
0.30000000000000004
2.75
4.1000000000000005
0.65
5.6000000000000005
0.25
1.8
0.9
0.1
0.35000000000000003
2.35
0.1
2.5500000000000003
2.85
0.4
0.25
1.2000000000000002
9.5
0.30000000000000004
0.05
0.15000000000000002
4.2
0.2
0.15000000000000002
0.1
0.25
5.45
6.300000000000001
0.30000000000000004
2.6
1.35
0.05
7.5
3.85
14.600000000000001
0.5
4.3500000000000005
1.55
2.5500000000000003
8.05
6.5
0.2
2.25
2.7
0.6000000000000001
4.3500000000000005
4.3500000000000005
0.2
0.25
6.8500000000000005
3.1500000000000004
1.8
0.4
2.95
0.05
14.100000000000001
0.7000000000000001
14.950000000000001
0.1
0.8
0.35000000000000003
3.7
4.3
0.05
0.05
0.25
2.4000000000000004
1.4500000000000002
0.6000000000000001
0.9500000000000001
2.15
2.6500000000000004
2.0
1.5
8.450000000000001
2.45
1.2000000000000002
0.2
0.05
1.4000000000000001
5.300000000000001
0.65
0.1
0.15000000000000002
6.0
2.85
0.1
1.05
0.35000000000000003
0.45
1.7000000000000002
0.1
0.25
2.45
14.200000000000001
1.55
0.9
0.2
1.9000000000000001
5.45
0.1
0.30000000000000004
1.6500000000000001
2.35
4.9
4.45
0.1
1.1
1.85
0.05
4.2
0.05
3.35
5.0
5.45
0.1
5.3500000000000005
1.4000000000000001
2.0500000000000003
11.100000000000001
0.25
1.3
0.05
0.9500000000000001
0.30000000000000004
6.65
8.15
0.15000000000000002
2.45
0.25
0.1
2.75
6.6000000000000005
4.2
0.1
0.1
0.05
1.3
0.35000000000000003
0.7000000000000001
0.30000000000000004
4.7
13.3
0.4
0.55
0.05
6.4
0.45
1.05
1.7000000000000002
0.30000000000000004
0.30000000000000004
1.2000000000000002
1.4500000000000002
4.95
0.25
1.6500000000000001
0.2
1.4000000000000001
0.55
0.6000000000000001
0.05
4.3
12.450000000000001
9.1
4.15
6.800000000000001
0.1
0.6000000000000001
1.1500000000000001
6.550000000000001
3.0500000000000003
0.05
0.2
1.4500000000000002
0.9500000000000001
4.15
3.2
10.700000000000001
0.15000000000000002
3.7
8.9
1.35
11.950000000000001
1.05
3.95
3.6
1.55
7.4
0.30000000000000004
1.9500000000000002
0.35000000000000003
1.2000000000000002
2.2
0.4
5.0
11.4
1.0
4.4
4.15
1.2000000000000002
0.30000000000000004
7.45
0.05
5.550000000000001
0.9500000000000001
4.800000000000001
1.0
11.65
1.55
1.7000000000000002
7.8500000000000005
0.05
1.1
5.5
5.300000000000001
0.35000000000000003
1.75
0.1
3.0
2.6500000000000004
0.05
0.5
3.2
0.1
0.25
0.45
0.1
13.05
2.1
0.8500000000000001
2.45
0.15000000000000002
0.05
0.55
14.55
12.25
2.6500000000000004
1.25
1.75
1.75
2.25
7.050000000000001
3.25
2.6500000000000004
0.45
0.15000000000000002
0.25
0.1
2.45
1.2000000000000002
2.75
5.550000000000001
0.30000000000000004
8.450000000000001
1.6
0.8500000000000001
4.6000000000000005
1.4500000000000002
3.3000000000000003
7.45
10.600000000000001
1.3
0.7000000000000001
1.35
0.6000000000000001
0.25
2.6
0.9
9.8
0.45
0.2
0.25
1.1500000000000001
1.6
0.25
0.05
9.55
3.1
2.4000000000000004
2.2
6.300000000000001
0.05
0.45
4.15
2.35
13.100000000000001
7.550000000000001
0.4
0.55
0.35000000000000003
2.0
3.25
1.3
0.1
0.05
1.6500000000000001
4.55
1.5
3.1500000000000004
1.6
0.75
12.65
0.4
3.75
1.85
14.5
2.75
6.800000000000001
1.3
0.15000000000000002
0.1
0.2
0.2
5.15
3.0
4.6000000000000005
0.75
1.9500000000000002
1.85
1.35
1.6500000000000001
0.25
0.2
3.5
2.7
0.75
13.8
7.3500000000000005
0.7000000000000001
2.7
0.1
0.1
5.8500000000000005
0.05
0.1
1.0
2.0500000000000003
0.15000000000000002
2.75
1.0
1.85
4.3500000000000005
0.5
4.1000000000000005
1.4000000000000001
3.1500000000000004
2.9000000000000004
7.45
12.200000000000001
0.4
3.95
1.6
4.2
7.1000000000000005
1.3
0.30000000000000004
0.2
0.6000000000000001
0.55
3.0500000000000003
4.1000000000000005
1.1500000000000001
0.4
0.2
0.1
0.75
10.5
10.200000000000001
0.55
14.75
3.9000000000000004
2.6500000000000004
0.2
3.5
2.0
1.5
2.9000000000000004
3.45
0.1
0.35000000000000003
2.4000000000000004
0.05
0.15000000000000002
3.95
8.55
1.35
3.45
0.2
2.9000000000000004
2.25
0.35000000000000003
1.4000000000000001
6.7
0.6000000000000001
3.0
1.75
0.15000000000000002
3.2
0.5
0.75
0.8
9.450000000000001
1.4500000000000002
1.9500000000000002
4.4
0.15000000000000002
3.8000000000000003
1.0
0.2
2.8000000000000003
2.95
0.65
0.35000000000000003
0.05
0.05
0.1
0.05
4.25
0.45
9.5
1.1500000000000001
2.85
0.30000000000000004
2.8000000000000003
6.5
4.25
0.45
0.05
1.5
1.2000000000000002
3.2
1.4000000000000001
1.5
1.3
0.05
6.800000000000001
1.5
1.9500000000000002
1.25
1.4500000000000002
0.55
3.45
1.6
4.25
9.8
0.05
0.35000000000000003
1.0
0.05
6.9
4.45
14.450000000000001
0.15000000000000002
0.1
4.3
2.15
3.25
11.3
0.05
6.0
13.100000000000001
4.5
0.8500000000000001
0.05
2.85
0.25
0.2
1.1500000000000001
2.45
0.25
1.4000000000000001
10.55
12.0
14.65
14.200000000000001
0.55
0.1
4.3
0.05
0.4
0.25
0.45
0.1
2.6500000000000004
0.25
0.05
0.25
11.8
3.45
2.3000000000000003
2.35
13.0
1.8
1.0
0.2
2.9000000000000004
0.55
0.15000000000000002
1.2000000000000002
1.6
0.05
1.9000000000000001
8.4
7.75
2.8000000000000003
2.9000000000000004
5.75
1.1
3.25
1.7000000000000002
0.05
4.15
1.75
4.2
0.05
0.25
1.5
8.1
7.7
8.3
2.75
0.30000000000000004
12.950000000000001
9.75
3.1500000000000004
2.2
5.95
4.65
5.800000000000001
1.6500000000000001
0.9500000000000001
3.6500000000000004
3.95
1.0
1.9000000000000001
3.85
0.1
1.4500000000000002
3.7
0.2
3.0500000000000003
0.2
9.15
2.2
2.1
6.3500000000000005
1.4000000000000001
0.05
0.05
11.5
1.05
0.4
0.5
0.30000000000000004
2.2
0.1
4.45
0.45
0.30000000000000004
0.15000000000000002
3.85
0.4
5.050000000000001
3.4000000000000004
2.8000000000000003
0.45
5.6000000000000005
0.55
0.8500000000000001
2.5500000000000003
6.550000000000001
4.0
0.05
3.0500000000000003
1.35
2.25
1.1500000000000001
6.5
1.25
0.2
3.1
1.7000000000000002
9.8
2.25
2.95
0.1
1.25
0.1
0.1
2.6
0.7000000000000001
0.45
9.3
1.4000000000000001
4.8500000000000005
4.45
0.15000000000000002
4.3
0.1
4.1000000000000005
6.6000000000000005
0.05
1.05
2.4000000000000004
0.55
3.5
3.5
3.85
1.9500000000000002
2.5
0.5
1.6
8.950000000000001
8.05
0.1
1.2000000000000002
10.05
7.25
0.2
1.35
0.1
0.2
0.35000000000000003
0.2
4.15
2.95
1.55
1.1500000000000001
0.1
7.550000000000001
0.15000000000000002
0.55
0.30000000000000004
0.6000000000000001
1.6500000000000001
2.1
8.450000000000001
2.6500000000000004
0.15000000000000002
0.1
1.75
6.300000000000001
13.4
0.1
0.2
4.0
0.5
1.3
7.0
0.30000000000000004
7.6000000000000005
2.0
0.55
0.45
0.1
1.35
2.5500000000000003
0.4
0.25
0.2
3.8000000000000003
4.15
1.4000000000000001
4.5
6.6000000000000005
0.30000000000000004
0.8500000000000001
2.8000000000000003
0.2
9.75
7.6000000000000005
9.850000000000001
1.25
0.25
0.1
1.25
0.2
0.05
1.1
1.0
3.95
1.25
0.15000000000000002
0.6000000000000001
0.05
9.950000000000001
2.7
3.45
4.800000000000001
2.75
1.9000000000000001
1.25
2.5500000000000003
5.15
2.5500000000000003
0.30000000000000004
0.05
2.9000000000000004
14.0
1.4000000000000001
0.9500000000000001
1.5
0.9
5.95
0.1
4.25
9.9
7.5
2.85
4.2
0.65
2.25
1.1500000000000001
0.6000000000000001
0.30000000000000004
1.2000000000000002
2.7
4.15
0.05
6.65
0.25
1.8
0.45
0.6000000000000001
5.050000000000001
2.15
0.1
0.05
0.1
3.1500000000000004
1.55
1.2000000000000002
0.15000000000000002
4.55
2.95
0.45
3.9000000000000004
8.25
1.35
3.2
1.55
4.25
9.0
0.05
0.05
0.15000000000000002
0.1
13.950000000000001
1.2000000000000002
1.2000000000000002
0.8
1.9000000000000001
1.1
0.25
2.15
0.7000000000000001
0.35000000000000003
9.200000000000001
3.8000000000000003
13.950000000000001
1.4500000000000002
2.75
3.5500000000000003
5.2
2.0500000000000003
2.75
1.6500000000000001
0.35000000000000003
0.1
7.25
4.8500000000000005
10.8
1.1500000000000001
0.6000000000000001
4.25
0.65
4.1000000000000005
2.25
1.25
0.45
2.8000000000000003
0.15000000000000002
1.4000000000000001
4.0
2.7
2.6500000000000004
0.35000000000000003
3.6
1.55
1.1
2.5500000000000003
2.7
6.5
0.05
9.700000000000001
2.75
0.05
3.2
0.2
1.4500000000000002
2.35
1.0
4.55
0.1
5.75
7.95
2.8000000000000003
0.05
10.200000000000001
4.0
0.1
7.75
5.300000000000001
0.05
1.1
4.3
0.8
0.6000000000000001
6.800000000000001
0.1
2.4000000000000004
11.55
3.45
0.05
4.800000000000001
10.100000000000001
0.9
0.1
0.65
1.25
0.2
3.4000000000000004
9.3
4.3
1.3
10.850000000000001
0.05
5.050000000000001
0.30000000000000004
8.75
1.9000000000000001
0.5
1.1500000000000001
1.1
0.15000000000000002
0.1
1.25
0.15000000000000002
0.9
1.3
1.4000000000000001
1.1500000000000001
0.55
0.1
1.4500000000000002
0.2
0.5
2.85
6.550000000000001
1.6500000000000001
0.05
1.9000000000000001
0.05
4.7
1.1500000000000001
0.25
0.1
2.0500000000000003
6.8500000000000005
5.45
13.05
7.95
3.2
7.65
0.15000000000000002
1.4000000000000001
1.25
1.4000000000000001
2.6500000000000004
1.6500000000000001
0.05
2.25
0.05
2.6
10.0
2.75
0.5
2.75
1.1500000000000001
0.2
13.600000000000001
0.1
0.05
4.95
6.7
0.4
0.15000000000000002
0.15000000000000002
0.1
0.4
1.4500000000000002
0.05
3.5
5.25
1.9000000000000001
0.05
2.5500000000000003
2.6
11.850000000000001
0.1
0.1
0.5
2.0500000000000003
0.9
0.15000000000000002
1.05
1.4000000000000001
5.800000000000001
1.4500000000000002
0.05
2.75
11.200000000000001
3.1
0.15000000000000002
0.1
1.4000000000000001
1.25
13.8
3.2
4.45
13.450000000000001
2.0500000000000003
1.7000000000000002
1.4500000000000002
0.1
0.4
0.35000000000000003
3.0
9.700000000000001
1.8
0.7000000000000001
6.65
0.6000000000000001
1.0
0.05
7.15
3.0500000000000003
4.800000000000001
1.05
0.30000000000000004
0.1
1.35
5.2
0.5
5.95
1.3
0.1
6.550000000000001
0.15000000000000002
1.35
6.1000000000000005
10.75
0.9
0.05
1.6500000000000001
1.3
0.05
5.7
5.15
0.05
1.55
1.4000000000000001
2.6500000000000004
0.35000000000000003
0.4
5.15
4.1000000000000005
4.3
5.550000000000001
1.75
2.9000000000000004
1.3
14.5
1.4500000000000002
9.8
1.4500000000000002
5.6000000000000005
0.15000000000000002
8.35
11.0
1.05
2.45
0.05
6.550000000000001
5.050000000000001
0.35000000000000003
1.6500000000000001
0.05
10.55
9.1
0.25
0.65
2.6
0.05
0.65
0.1
1.85
0.05
2.1
1.7000000000000002
1.05
12.9
2.0500000000000003
2.0500000000000003
2.6500000000000004
2.75
1.4500000000000002
7.4
0.45
11.100000000000001
2.85
1.7000000000000002
0.1
0.55
0.2
0.1
0.30000000000000004
0.05
0.25
0.25
1.25
0.15000000000000002
2.95
0.1
1.2000000000000002
0.15000000000000002
1.3
1.7000000000000002
0.05
0.55
0.6000000000000001
0.15000000000000002
2.3000000000000003
1.5
0.25
0.5
13.0
0.30000000000000004
2.8000000000000003
0.8500000000000001
12.05
3.1500000000000004
1.75
0.45
0.15000000000000002
3.85
1.55
0.05
0.30000000000000004
0.15000000000000002
3.45
12.350000000000001
11.4
1.6
1.55
1.3
0.2
1.0
4.25
0.30000000000000004
11.0
0.15000000000000002
1.4000000000000001
0.05
1.4500000000000002
0.05
0.15000000000000002
0.05
2.1
1.05
0.30000000000000004
0.2
0.05
0.25
2.25
4.05
0.15000000000000002
0.05
0.25
10.850000000000001
0.05
0.15000000000000002
1.2000000000000002
2.7
7.15
9.4
1.1
1.05
2.25
0.75
3.95
8.8
0.4
4.95
0.05
2.5
14.600000000000001
5.25
3.5500000000000003
4.15
1.75
0.15000000000000002
6.1000000000000005
5.2
0.4
1.4500000000000002
5.300000000000001
0.15000000000000002
0.05
2.6
0.05
0.35000000000000003
1.8
2.95
0.5
0.05
0.05
1.9500000000000002
0.25
1.3
3.5
0.6000000000000001
1.6500000000000001
4.800000000000001
0.05
1.7000000000000002
13.200000000000001
3.0
2.95
1.1
1.35
0.05
3.0
2.6
0.55
1.2000000000000002
0.35000000000000003
11.0
7.1000000000000005
6.2
2.9000000000000004
0.8500000000000001
3.1
4.45
0.6000000000000001
11.75
8.450000000000001
3.0500000000000003
0.2
4.15
2.7
0.05
1.55
0.7000000000000001
0.05
0.1
0.05
0.5
0.2
5.5
1.35
7.300000000000001
0.1
1.4500000000000002
0.1
4.45
5.6000000000000005
6.6000000000000005
0.05
10.100000000000001
4.4
0.7000000000000001
1.5
11.65
3.0500000000000003
9.0
5.75
1.4000000000000001
12.350000000000001
1.9000000000000001
0.1
0.45
0.30000000000000004
4.25
0.25
14.0
1.4500000000000002
1.25
1.4500000000000002
0.1
1.0
3.9000000000000004
2.6
2.5500000000000003
0.05
1.35
0.2
10.65
4.15
7.95
0.35000000000000003
0.05
11.65
2.7
0.55
12.15
0.15000000000000002
0.65
0.25
0.35000000000000003
12.350000000000001
0.4
0.2
0.1
0.05
1.4000000000000001
6.2
1.3
0.55
0.4
3.95
3.1500000000000004
9.15
4.7
0.05
2.9000000000000004
0.1
1.35
10.9
5.800000000000001
1.6
0.1
6.050000000000001
0.9500000000000001
0.2
0.55
5.550000000000001
0.45
4.15
0.30000000000000004
0.2
0.30000000000000004
1.1500000000000001
0.05
1.05
3.0
4.0
8.85
4.800000000000001
0.05
3.3000000000000003
0.1
0.15000000000000002
0.30000000000000004
0.9
2.45
0.30000000000000004
4.15
0.30000000000000004
3.7
2.25
2.0
1.25
6.550000000000001
0.15000000000000002
2.35
1.2000000000000002
0.05
7.15
0.05
13.950000000000001
1.6500000000000001
1.05
0.2
2.9000000000000004
6.25
1.4000000000000001
6.8500000000000005
1.7000000000000002
3.45
2.75
2.5500000000000003
5.15
0.2
0.55
1.4500000000000002
4.4
9.450000000000001
9.9
4.6000000000000005
0.4
1.6500000000000001
2.3000000000000003
1.8
5.5
0.05
1.55
6.75
0.05
8.25
1.1
0.8
13.450000000000001
2.0
2.85
4.05
0.15000000000000002
11.4
3.95
0.1
0.15000000000000002
1.2000000000000002
1.4000000000000001
0.25
2.0
1.85
0.9500000000000001
12.25
1.3
1.6
1.4500000000000002
1.1500000000000001
0.15000000000000002
1.1500000000000001
0.55
7.95
2.75
0.5
10.05
6.65
3.1500000000000004
0.05
4.3
6.75
1.3
3.9000000000000004
0.1
14.450000000000001
0.35000000000000003
0.05
0.15000000000000002
0.30000000000000004
1.4000000000000001
1.4500000000000002
0.9
2.2
1.25
0.9
1.55
4.15
5.5
6.6000000000000005
7.95
1.6
4.7
0.05
3.85
0.15000000000000002
9.4
7.15
3.1500000000000004
5.75
3.2
0.05
0.1
1.25
0.1
0.15000000000000002
0.25
3.2
1.0
0.35000000000000003
0.1
0.35000000000000003
2.3000000000000003
0.8
0.65
2.5500000000000003
9.15
2.85
0.05
6.550000000000001
0.05
0.5
0.35000000000000003
0.15000000000000002
2.8000000000000003
10.450000000000001
3.7
1.2000000000000002
1.2000000000000002
1.6500000000000001
7.45
0.5
0.30000000000000004
2.75
1.6
4.2
0.2
1.1
7.25
1.2000000000000002
1.1
7.95
0.1
4.95
5.1000000000000005
0.1
4.3
4.95
0.25
5.45
0.05
0.35000000000000003
7.0
3.5500000000000003
7.1000000000000005
0.45
11.05
0.75
3.1500000000000004
2.6
0.05
0.9500000000000001
2.95
11.450000000000001
0.1
0.30000000000000004
1.6
10.8
0.15000000000000002
11.65
2.5
0.9
3.0500000000000003
14.3
8.950000000000001
1.2000000000000002
5.0
6.15
6.800000000000001
0.4
1.25
4.2
0.05
3.85
0.15000000000000002
0.15000000000000002
1.25
7.8500000000000005
0.25
5.300000000000001
1.25
9.4
1.05
9.600000000000001
2.8000000000000003
3.0500000000000003
2.2
2.7
4.0
0.35000000000000003
0.35000000000000003
0.05
2.9000000000000004
4.800000000000001
4.45
7.15
0.35000000000000003
2.5
0.1
1.1500000000000001
0.7000000000000001
0.9500000000000001
1.1
9.0
3.0
1.0
3.2
14.950000000000001
1.1500000000000001
2.75
1.7000000000000002
0.8
0.2
1.85
1.25
0.1
0.30000000000000004
5.2
0.05
3.2
0.05
0.1
12.05
3.9000000000000004
0.30000000000000004
1.1500000000000001
1.3
11.3
0.15000000000000002
9.1
6.800000000000001
12.55
4.1000000000000005
0.1
0.15000000000000002
1.0
1.55
0.45
0.6000000000000001
1.2000000000000002
10.25
1.2000000000000002
11.9
0.4
4.05
0.05
1.7000000000000002
5.4
1.35
0.55
1.8
0.7000000000000001
2.2
0.6000000000000001
11.0
0.8
3.9000000000000004
1.1500000000000001
3.7
1.9500000000000002
2.9000000000000004
1.1500000000000001
0.45
4.3500000000000005
0.25
2.95
0.8500000000000001
0.05
0.05
2.9000000000000004
0.4
0.05
0.15000000000000002
0.05
1.1
0.05
3.25
2.95
6.0
4.0
11.55
0.7000000000000001
3.9000000000000004
0.25
0.15000000000000002
0.35000000000000003
2.5
0.2
1.7000000000000002
3.0500000000000003
11.100000000000001
2.1
7.0
1.0
1.6500000000000001
2.4000000000000004
2.35
1.05
5.7
2.7
10.350000000000001
7.300000000000001
0.8500000000000001
1.1500000000000001
0.5
2.95
0.05
10.9
1.1
2.5
0.1
1.4500000000000002
5.0
3.35
5.2
0.1
0.30000000000000004
0.05
0.75
0.4
0.1
3.5
3.45
1.4500000000000002
14.9
1.1
0.30000000000000004
1.6500000000000001
0.65
1.25
4.1000000000000005
0.15000000000000002
0.35000000000000003
1.35
3.9000000000000004
0.1
0.45
5.25
0.25
0.2
0.8500000000000001
4.9
0.1
6.9
2.6500000000000004
4.65
1.25
2.7
3.75
0.45
0.55
1.6
1.4000000000000001
0.1
2.0
0.30000000000000004
0.9
4.2
1.35
0.05
3.1
2.6500000000000004
0.1
1.05
0.05
0.05
2.0500000000000003
0.55
8.05
0.05
3.4000000000000004
0.35000000000000003
6.2
8.05
0.2
3.4000000000000004
0.1
0.05
1.55
0.05
0.45
0.05
3.5
12.350000000000001
3.7
0.75
0.05
6.9
7.7
1.2000000000000002
6.9
2.0
1.7000000000000002
2.1
0.1
0.7000000000000001
1.5
1.8
0.1
0.1
1.7000000000000002
6.2
1.6500000000000001
3.75
2.75
1.8
0.9
2.5500000000000003
1.1
0.15000000000000002
3.1
2.5500000000000003
4.3500000000000005
1.35
0.15000000000000002
0.9
3.25
14.100000000000001
0.35000000000000003
0.2
4.0
9.25
2.8000000000000003
0.2
0.15000000000000002
0.4
1.35
0.6000000000000001
0.1
2.3000000000000003
2.8000000000000003
2.5500000000000003
3.95
2.8000000000000003
0.35000000000000003
1.0
0.05
3.4000000000000004
0.25
0.05
1.25
0.35000000000000003
2.45
0.35000000000000003
0.2
6.9
1.2000000000000002
7.6000000000000005
0.9500000000000001
0.7000000000000001
0.1
2.3000000000000003
0.65
1.35
8.75
0.4
1.1
4.0
4.800000000000001
3.35
11.15
0.4
1.8
5.4
1.2000000000000002
0.1
4.2
0.75
4.65
9.3
0.8500000000000001
0.30000000000000004
1.9500000000000002
5.8500000000000005
0.1
2.6500000000000004
2.9000000000000004
0.05
0.1
1.55
11.15
1.1
1.25
4.0
1.9000000000000001
0.45
2.15
1.6500000000000001
0.2
3.6500000000000004
4.9
8.15
1.2000000000000002
0.55
0.1
1.4500000000000002
6.300000000000001
0.15000000000000002
1.0
8.55
0.4
2.35
1.85
0.7000000000000001
0.9500000000000001
2.0
0.05
2.3000000000000003
1.1500000000000001
5.8500000000000005
1.9000000000000001
0.55
0.25
1.9500000000000002
2.6
1.25
9.600000000000001
0.30000000000000004
0.1
0.15000000000000002
9.55
1.55
0.4
4.7
3.5500000000000003
0.2
0.75
1.85
1.4500000000000002
1.2000000000000002
4.25
10.3
0.1
0.45
0.9
3.0500000000000003
4.05
0.05
0.25
1.6500000000000001
1.85
0.05
0.2
0.30000000000000004
3.9000000000000004
0.2
1.4000000000000001
8.8
2.5
1.5
0.2
2.45
0.15000000000000002
1.75
2.95
1.75
0.30000000000000004
11.55
0.05
0.5
1.05
4.800000000000001
1.3
1.3
0.6000000000000001
9.600000000000001
4.65
0.35000000000000003
0.9
6.75
0.2
8.55
0.4
14.65
2.5
10.8
7.0
0.4
0.1
2.95
0.8
0.05
6.300000000000001
0.35000000000000003
0.55
5.800000000000001
2.5
1.05
1.05
3.8000000000000003
1.7000000000000002
1.4500000000000002
14.65
4.0
0.35000000000000003
1.85
1.7000000000000002
6.95
0.1
4.05
11.450000000000001
10.950000000000001
0.6000000000000001
5.300000000000001
2.5500000000000003
4.05
0.5
1.35
3.1
11.75
1.85
4.1000000000000005
7.8500000000000005
0.05
0.05
1.8
2.75
4.15
4.2
0.30000000000000004
6.1000000000000005
9.4
2.5
4.15
0.1
0.1
0.45
2.6500000000000004
6.95
1.35
1.1500000000000001
2.25
0.1
1.5
0.45
0.1
1.1500000000000001
0.25
0.25
1.6
1.4500000000000002
8.65
13.65
6.550000000000001
1.6500000000000001
0.05
0.55
2.45
0.25
1.35
8.15
0.65
1.9500000000000002
10.350000000000001
4.1000000000000005
0.15000000000000002
0.05
5.1000000000000005
2.3000000000000003
0.75
2.5500000000000003
0.75
4.3500000000000005
1.4500000000000002
2.75
0.25
3.7
0.25
7.9
2.35
1.85
0.2
0.1
0.35000000000000003
0.05
2.25
0.5
0.5
0.15000000000000002
0.05
0.15000000000000002
5.300000000000001
2.3000000000000003
0.2
2.9000000000000004
0.05
4.05
5.050000000000001
0.1
1.6
7.300000000000001
0.5
0.05
7.0
2.85
8.85
5.5
2.75
1.9500000000000002
0.9
1.7000000000000002
2.6500000000000004
2.15
8.8
1.8
0.8500000000000001
1.0
9.950000000000001
0.5
5.300000000000001
0.05
0.2
4.1000000000000005
1.55
8.950000000000001
3.1
0.25
1.7000000000000002
0.25
0.8500000000000001
0.2
0.25
2.45
1.9000000000000001
1.6500000000000001
1.4000000000000001
0.65
1.4000000000000001
0.05
2.45
14.05
0.1
0.2
1.05
0.05
1.4500000000000002
0.30000000000000004
0.30000000000000004
0.15000000000000002
1.8
0.15000000000000002
8.3
0.4
0.5
3.0500000000000003
2.5500000000000003
3.1500000000000004
0.8
13.0
1.4000000000000001
1.6
2.6500000000000004
2.9000000000000004
0.15000000000000002
1.1500000000000001
1.4500000000000002
0.75
2.7
4.55
3.45
0.5
0.1
6.9
1.9500000000000002
2.85
0.05
3.45
1.55
0.05
0.5
4.95
4.05
0.8
2.45
0.55
2.5
0.15000000000000002
0.15000000000000002
3.35
5.95
5.75
0.8
3.1500000000000004
0.15000000000000002
5.300000000000001
0.05
0.75
0.05
3.7
3.75
2.95
0.1
7.95
8.6
2.6
0.8500000000000001
7.0
3.25
4.15
4.15
0.1
2.1
0.05
4.1000000000000005
0.45
0.15000000000000002
2.7
0.05
2.0500000000000003
3.0
1.35
6.3500000000000005
0.2
1.55
0.35000000000000003
12.600000000000001
0.5
8.6
0.15000000000000002
4.800000000000001
2.4000000000000004
14.4
2.0
1.4000000000000001
4.15
5.6000000000000005
0.9
7.3500000000000005
1.2000000000000002
0.15000000000000002
7.050000000000001
0.05
11.0
1.1500000000000001
9.950000000000001
0.1
9.8
0.15000000000000002
0.1
3.95
1.55
0.15000000000000002
4.25
1.4000000000000001
0.9500000000000001
1.8
5.3500000000000005
15.0
1.05
0.55
0.05
0.1
2.9000000000000004
1.5
3.8000000000000003
3.6500000000000004
5.15
2.2
10.600000000000001
2.85
0.75
4.4
0.05
0.2
0.05
0.65
0.05
1.8
0.30000000000000004
5.4
1.4000000000000001
4.7
0.05
2.35
0.05
0.15000000000000002
13.05
0.30000000000000004
0.45
0.15000000000000002
0.05
0.15000000000000002
2.5500000000000003
1.6
3.35
1.7000000000000002
1.35
0.15000000000000002
0.05
3.0
2.15
0.15000000000000002
1.9500000000000002
8.0
2.35
6.0
1.4500000000000002
0.2
0.15000000000000002
0.15000000000000002
1.0
0.55
1.4500000000000002
3.0
0.1
5.65
0.2
0.15000000000000002
12.4
0.05
6.45
0.75
1.6500000000000001
2.85
1.4500000000000002
10.950000000000001
10.8
2.5
0.1
0.9500000000000001
3.35
4.3500000000000005
0.15000000000000002
14.4
1.05
1.4000000000000001
0.1
2.4000000000000004
5.4
0.45
0.05
1.8
3.3000000000000003
0.25
2.9000000000000004
0.15000000000000002
1.1500000000000001
7.0
1.9000000000000001
0.05
6.65
0.05
0.05
0.1
1.85
1.05
4.2
0.1
1.9500000000000002
0.4
11.3
4.05
0.30000000000000004
0.2
0.35000000000000003
1.25
1.55
2.75
1.5
0.15000000000000002
0.05
0.15000000000000002
0.1
1.55
4.3
0.2
1.75
0.05
4.15
13.3
0.4
3.6500000000000004
0.6000000000000001
0.05
0.05
1.6500000000000001
1.35
0.1
1.4000000000000001
2.35
1.4000000000000001
1.3
0.25
1.05
1.4000000000000001
0.1
11.5
2.4000000000000004
2.0
4.3500000000000005
2.45
4.0
0.15000000000000002
8.0
1.25
3.3000000000000003
5.75
6.75
2.95
0.45
1.25
0.2
1.5
2.0
8.1
8.9
0.7000000000000001
1.75
0.2
0.05
0.30000000000000004
0.9500000000000001
0.25
0.25
2.9000000000000004
1.6
1.7000000000000002
1.0
11.65
1.3
0.1
0.05
7.2
2.0
0.2
0.25
5.65
14.200000000000001
6.2
2.6
0.55
0.05
1.35
0.55
0.15000000000000002
0.30000000000000004
0.1
0.05
0.15000000000000002
0.1
9.8
2.15
6.3500000000000005
0.05
0.15000000000000002
0.1
5.45
1.25
9.65
2.5500000000000003
2.4000000000000004
0.7000000000000001
1.0
0.05
1.6
3.7
0.30000000000000004
3.0
8.1
1.0
4.05
3.4000000000000004
0.5
14.05
1.1
0.35000000000000003
1.55
9.15
0.4
1.4000000000000001
0.7000000000000001
11.3
1.5
0.05
1.6
1.7000000000000002
0.1
1.2000000000000002
0.15000000000000002
7.050000000000001
0.1
3.7
0.1
0.1
0.6000000000000001
9.25
0.5
9.65
5.0
0.9500000000000001
2.6500000000000004
11.350000000000001
0.05
0.75
0.05
0.15000000000000002
0.9500000000000001
1.7000000000000002
0.05
7.550000000000001
0.8
1.6500000000000001
3.95
8.450000000000001
0.05
0.05
0.8500000000000001
5.300000000000001
0.05
0.05
0.2
0.15000000000000002
5.8500000000000005
2.85
0.15000000000000002
0.15000000000000002
10.25
1.75
3.3000000000000003
0.6000000000000001
1.35
3.0500000000000003
7.3500000000000005
3.4000000000000004
1.55
4.3
2.7
0.1
6.550000000000001
5.4
0.75
1.5
0.35000000000000003
0.1
2.5500000000000003
0.1
1.75
0.05
1.35
1.1
0.30000000000000004
0.15000000000000002
0.7000000000000001
2.6
1.1500000000000001
4.800000000000001
1.75
3.1
3.2
0.15000000000000002
0.7000000000000001
2.5500000000000003
0.2
2.8000000000000003
2.6
4.1000000000000005
0.9500000000000001
0.15000000000000002
10.8
0.1
0.4
0.1
0.8500000000000001
0.2
0.05
8.65
1.05
2.5500000000000003
1.55
5.5
0.4
11.850000000000001
0.8500000000000001
1.5
1.4500000000000002
0.45
0.15000000000000002
0.45
0.25
0.35000000000000003
4.45
0.7000000000000001
1.4500000000000002
1.25
3.6500000000000004
3.7
2.35
3.6
0.4
0.15000000000000002
2.15
5.300000000000001
12.5
0.1
1.8
0.30000000000000004
0.25
1.9000000000000001
1.9500000000000002
1.5
0.1
5.25
6.6000000000000005
4.0
0.1
9.15
1.0
0.1
9.05
1.85
3.0500000000000003
12.55
1.9000000000000001
0.05
7.1000000000000005
1.9000000000000001
0.25
0.25
5.7
2.3000000000000003
4.15
0.25
0.6000000000000001
4.45
1.2000000000000002
0.05
0.1
0.2
0.05
5.95
3.9000000000000004
4.15
2.5
3.6500000000000004
3.0500000000000003
0.45
3.2
1.1500000000000001
8.4
11.100000000000001
0.25
14.350000000000001
2.0
1.3
4.1000000000000005
2.45
14.100000000000001
0.25
9.850000000000001
0.8500000000000001
0.9
4.1000000000000005
5.7
12.5
0.9500000000000001
2.75
0.25
5.0
5.5
2.85
14.05
0.1
0.05
1.2000000000000002
1.35
6.2
14.450000000000001
0.05
14.55
3.3000000000000003
1.2000000000000002
9.200000000000001
0.45
3.7
0.4
2.6500000000000004
0.2
1.25
1.0
0.15000000000000002
0.35000000000000003
3.8000000000000003
8.950000000000001
3.6
1.4500000000000002
0.2
0.35000000000000003
0.5
2.0500000000000003
7.050000000000001
0.15000000000000002
0.30000000000000004
0.05
4.4
0.8500000000000001
0.05
1.25
1.25
0.65
0.1
9.75
6.65
2.85
0.45
0.05
2.3000000000000003
5.5
6.3500000000000005
5.800000000000001
1.25
0.2
0.05
2.4000000000000004
4.4
0.15000000000000002
1.2000000000000002
0.1
0.05
0.05
0.30000000000000004
1.9000000000000001
3.6500000000000004
12.950000000000001
1.1
0.4
0.05
0.1
14.950000000000001
0.25
2.0500000000000003
7.050000000000001
4.4
6.050000000000001
5.0
0.2
4.1000000000000005
0.30000000000000004
0.1
0.1
8.55
0.75
0.1
0.05
0.8
0.8500000000000001
13.3
4.3500000000000005
3.1
0.2
0.35000000000000003
12.600000000000001
6.75
6.7
7.4
0.9500000000000001
0.05
4.55
12.700000000000001
11.850000000000001
0.65
2.7
0.9500000000000001
6.550000000000001
3.8000000000000003
0.4
0.2
2.3000000000000003
1.8
4.8500000000000005
13.700000000000001
7.95
0.7000000000000001
2.8000000000000003
1.55
1.5
1.9500000000000002
11.4
2.5
0.05
2.1
0.05
3.4000000000000004
12.9
2.75
0.45
0.4
0.30000000000000004
12.4
5.65
0.8
0.9
2.7
3.0500000000000003
1.6500000000000001
2.9000000000000004
4.1000000000000005
8.6
5.4
0.15000000000000002
0.45
7.8500000000000005
1.9500000000000002
0.9500000000000001
8.5
0.1
2.75
0.1
0.30000000000000004
0.05
0.05
0.30000000000000004
0.15000000000000002
0.15000000000000002
2.8000000000000003
1.9000000000000001
0.7000000000000001
0.45
10.700000000000001
0.2
0.2
8.15
0.05
0.05
0.4
3.0500000000000003
1.35
0.1
0.7000000000000001
2.6500000000000004
14.15
0.1
13.350000000000001
0.5
0.7000000000000001
1.55
2.6
2.85
1.5
1.3
2.85
0.05
6.8500000000000005
0.1
0.1
0.1
1.4500000000000002
3.95
3.45
1.8
0.2
4.4
6.4
3.1500000000000004
5.25
4.3500000000000005
1.4500000000000002
2.0
1.25
1.2000000000000002
2.5500000000000003
2.6500000000000004
5.6000000000000005
2.75
1.1500000000000001
1.1500000000000001
0.05
6.9
0.15000000000000002
0.1
1.0
0.8500000000000001
1.25
0.05
1.1
0.15000000000000002
0.05
0.15000000000000002
0.05
1.35
1.05
3.1500000000000004
3.5500000000000003
2.15
0.4
7.2
1.6
4.95
0.2
0.05
0.8500000000000001
1.25
0.15000000000000002
11.700000000000001
0.2
0.1
2.75
4.800000000000001
1.9000000000000001
6.9
0.1
11.25
5.2
2.5500000000000003
6.5
4.0
2.5
0.05
0.9
0.1
2.85
