0.15000000000000002
4.75
0.1
5.2
1.4500000000000002
4.1000000000000005
2.2
1.6
0.05
2.3000000000000003
0.30000000000000004
9.55
3.95
5.5
1.3
1.7000000000000002
0.05
0.1
2.15
0.05
0.2
11.3
13.5
2.9000000000000004
11.200000000000001
9.15
1.4000000000000001
1.25
3.1
2.6
7.550000000000001
0.05
4.95
0.5
0.2
12.9
0.05
3.2
4.3
0.1
0.15000000000000002
0.35000000000000003
3.45
4.55
11.75
1.6
0.1
1.1500000000000001
0.35000000000000003
2.85
1.0
1.1
0.1
0.15000000000000002
0.9
2.35
0.9500000000000001
1.5
2.85
0.05
0.15000000000000002
1.8
4.05
1.6500000000000001
3.5
0.15000000000000002
1.0
1.2000000000000002
12.15
1.9500000000000002
0.2
1.75
0.4
1.6
0.15000000000000002
0.1
0.05
3.1500000000000004
0.65
3.1
8.200000000000001
0.75
