0000000138
0000000244
0000000035
0000000074
0000000023
0000000107
0000000073
0000000169
0000000188
0000000035
0000000100
0000000227
0000000103
0000000024
0000000196
0000000122
0000000074
0000000247
0000000082
0000000141
0000000024
0000000064
0000000027
0000000118
0000000217
0000000213
0000000163
0000000626
0000000054
0000000129
0000000983
0000000059
0000000151
0000000834
0000000174
0000000293
0000000253
0000000254
0000000170
0000000091
0000000062
0000000195
0000000049
0000000129
0000000050
0000000277
0000000314
0000000446
0000000063
0000000116
0000000914
0000000368
0000000018
0000000045
0000000015
0000000229
0000000195
0000000533
0000000768
0000000110
0000000496
0000000071
0000000028
0000000980
0000000411
0000000494
0000000140
0000000829
0000000415
0000000070
0000000150
0000000878
0000000022
0000000931
0000000994
0000000230
0000000814
0000000661
0000000116
0000000198
0000000531
0000000114
0000000989
0000000370
0000000061
0000000814
0000000447
0000000301
0000000805
0000000579
0000000576
