0000000036
0000000797
0000000265
0000000215
0000000112
0000000035
0000000859
0000000736
0000000235
0000000652
0000000819
0000000364
0000000073
0000000257
0000000063
0000000321
0000000465
0000000137
0000000015
0000000901
0000000029
0000000071
0000000595
0000000535
0000000889
0000000283
0000000414
0000000264
0000000938
0000000034
0000000300
0000000796
0000000331
0000000995
0000000066
0000000041
0000000592
0000000558
0000000213
0000000496
0000000965
0000000357
0000000939
0000000098
0000000956
0000000979
0000000704
0000000647
0000000417
0000000602
0000000705
0000000729
0000000317
0000000283
0000000899
0000000027
0000000553
0000000672
0000000657
0000000452
0000000167
0000000777
0000000598
0000000715
0000000680
0000000251
0000000965
0000000099
0000000844
0000000111
0000000162
0000000297
0000000105
0000000510
0000000601
0000000457
0000000710
0000000935
0000000712
0000000672
0000000590
0000000325
0000000227
0000000019
0000000093
0000000255
0000000098
0000000921
0000000173
0000000016
0000000993
0000000064
0000000139
0000000768
0000000617
0000000564
0000000444
0000000448
0000000856
0000000734
0000000456
0000000560
0000000672
0000000114
0000000701
0000000932
0000000402
0000000036
0000000839
0000000782
0000000023
0000000024
0000000503
0000000515
0000000535
0000000457
0000000431
0000000551
0000000435
0000000468
0000000955
0000000028
0000000059
0000000082
0000000692
0000000594
0000000710
0000000024
0000000028
0000000053
0000000757
0000000051
0000000508
0000000051
0000000052
0000000051
0000000506
0000000061
