0000000959
0000000025
0000000151
0000000493
0000000123
0000000469
0000000708
0000000412
0000000034
0000000901
0000000085
0000000187
0000000028
0000000090
0000000329
0000000925
0000000191
0000000812
0000000526
0000000303
0000000519
0000000283
0000000025
0000000095
0000000035
0000000230
0000000831
0000000059
0000000092
0000000073
0000000164
0000000475
0000000033
0000000051
0000000080
0000000391
0000000766
0000000015
0000000471
0000000289
0000000222
0000000234
0000000359
0000000032
0000000016
0000000057
0000000560
0000000105
0000000904
0000000032
0000000218
0000000186
0000000177
0000000856
0000000621
0000000776
0000000846
0000000709
0000000129
0000000086
0000000901
0000000781
0000000222
0000000485
0000000032
0000000222
0000000210
0000000193
0000000931
0000000083
0000000046
0000000026
0000000086
0000000061
0000000196
0000000025
0000000075
0000000337
0000000488
0000000325
0000000235
0000000293
0000000165
0000000723
0000000153
0000000064
0000000133
0000000207
0000000384
0000000116
0000000325
0000000649
0000000110
0000000482
0000000803
0000000117
0000000035
0000000342
0000000062
0000000132
0000000274
0000000075
0000000039
0000000037
0000000038
0000000013
0000000761
0000000019
0000000310
0000000167
0000000341
0000000226
0000000106
0000000502
0000000356
0000000770
0000000019
0000000141
0000000198
0000000035
0000000970
0000000265
0000000231
0000000134
0000000257
0000000119
0000000045
0000000196
0000000293
0000000195
0000000138
0000000370
0000000163
0000000032
0000000329
0000000416
0000000178
0000000766
0000000842
0000000058
0000000083
0000000226
0000000199
0000000794
0000000396
0000000063
0000000448
0000000521
0000000216
0000000129
0000000170
0000000191
0000000036
0000000505
0000000599
0000000157
0000000293
0000000728
0000000178
0000000585
0000000293
0000000136
0000000223
0000000203
0000000125
0000000019
0000000193
0000000707
0000000372
0000000131
0000000186
0000000014
0000000186
0000000042
0000000214
0000000013
0000000378
0000000115
0000000286
0000000304
0000000146
0000000139
0000000100
0000000469
0000000065
0000000173
0000000045
0000000272
0000000196
0000000224
0000000035
0000000139
0000000061
0000000069
0000000406
0000000421
0000000016
0000000080
0000000122
0000000053
0000000058
0000000027
0000000132
0000000450
0000000105
0000000032
0000000661
0000000233
0000000175
0000000022
0000000147
0000000983
0000000060
0000000048
0000000308
0000000137
0000000135
0000000036
0000000172
0000000244
0000000072
0000000016
0000000167
0000000191
0000000194
0000000091
0000000215
0000000316
0000000028
0000000066
0000000415
0000000019
0000000235
0000000124
0000000062
0000000239
0000000018
0000000323
0000000093
0000000091
0000000028
0000000056
0000000044
0000000224
0000000303
0000000100
0000000368
0000000071
0000000019
0000000041
0000000235
0000000022
0000000053
0000000070
0000000025
0000000757
0000000065
0000000210
0000000014
0000000969
0000000063
0000000371
0000000316
0000000317
0000000367
0000000251
0000000034
0000000297
0000000186
0000000028
0000000069
0000000321
0000000207
0000000136
0000000223
0000000061
0000000049
0000000035
0000000253
0000000849
0000000128
0000000952
0000000040
0000000027
0000000027
0000000022
0000000059
0000000294
0000000878
0000000050
0000000174
0000000063
0000000053
0000000970
0000000211
0000000164
0000000198
0000000108
0000000998
0000000660
0000000799
0000000896
0000000194
0000000030
0000000053
0000000058
0000000189
0000000894
0000000038
0000000423
0000000138
0000000348
0000000422
0000000108
0000000074
0000000018
0000000047
0000000296
0000000176
0000000107
0000000191
0000000265
0000000021
0000000254
0000000204
0000000023
0000000120
0000000088
0000000023
0000000064
0000000380
0000000025
0000000072
0000000236
0000000030
0000000693
0000000147
0000000144
0000000045
0000000120
0000000087
0000000297
0000000016
0000000495
0000000052
0000000132
0000000162
0000000450
0000000774
0000000044
0000000529
0000000254
0000000140
0000000129
0000000405
0000000086
0000000252
0000000032
0000000097
0000000420
0000000031
0000000120
0000000422
0000000143
0000000199
0000000232
0000000018
0000000030
0000000023
0000000100
0000000997
0000000027
0000000029
0000000042
0000000116
0000000026
0000000704
0000000248
0000000018
0000000444
0000000596
0000000275
0000000051
0000000126
0000000081
0000000058
0000000229
0000000169
0000000060
0000000215
0000000171
0000000066
0000000101
0000000067
0000000148
0000000064
0000000301
0000000333
0000000111
0000000439
0000000069
0000000088
0000000025
0000000146
0000000382
0000000016
0000000032
0000000071
0000000301
0000000042
0000000223
0000000314
0000000132
0000000101
0000000294
0000000101
0000000388
0000000332
0000000207
0000000709
0000000477
0000000148
0000000254
0000000080
0000000176
0000000446
0000000093
0000000400
0000000056
0000000022
0000000016
0000000062
0000000043
0000000219
0000000021
0000000098
0000000401
0000000095
0000000299
0000000258
0000000045
0000000081
0000000079
0000000198
0000000464
0000000030
0000000020
0000000040
0000000348
0000000041
0000000160
0000000378
0000000119
0000000188
0000000775
0000000188
0000000416
0000000396
0000000074
0000000212
0000000110
0000000358
0000000128
0000000276
0000000269
0000000149
0000000314
0000000097
0000000143
0000000656
0000000311
0000000293
0000000135
0000000145
0000000288
0000000148
0000000114
0000000016
0000000987
0000000432
0000000136
0000000027
0000000133
0000000338
0000000269
0000000092
0000000089
0000000184
0000000348
0000000099
0000000293
0000000545
0000000124
0000000135
0000000144
0000000081
0000000315
0000000055
0000000046
0000000093
0000000150
0000000310
0000000143
0000000130
0000000339
0000000194
0000000049
0000000149
0000000090
0000000974
0000000065
0000000162
0000000029
0000000831
0000000232
0000000167
0000000407
0000000234
0000000402
0000000062
0000000190
0000000218
0000000027
0000000086
0000000273
0000000104
0000000074
0000000275
0000000180
0000000937
0000000098
0000000098
0000000029
0000000151
0000000026
0000000379
0000000113
0000000236
0000000728
0000000670
0000000262
0000000050
0000000312
0000000066
0000000262
0000000083
0000000398
0000000028
0000000097
0000000665
0000000502
0000000137
0000000182
0000000027
0000000169
0000000056
0000000047
0000000012
0000000021
0000000030
0000000094
0000000029
0000000828
0000000181
0000000075
0000000073
0000000067
0000000336
0000000035
0000000198
0000000127
0000000067
0000000098
0000000301
0000000061
0000000589
0000000078
0000000018
0000000725
0000000198
0000000421
0000000144
0000000160
0000000335
0000000049
0000000074
0000000331
0000000127
0000000036
0000000069
0000000164
0000000051
0000000980
0000000026
0000000330
0000000393
0000000269
0000000203
0000000225
0000000099
0000000525
0000000316
0000000144
0000000881
0000000765
0000000015
0000000315
0000000050
0000000569
0000000020
0000000368
0000000060
0000000080
0000000094
0000000079
0000000037
0000000064
0000000020
0000000425
0000000257
0000000052
0000000050
0000000014
0000000750
0000000191
0000000187
0000000260
0000000062
0000000041
0000000281
0000000121
0000000020
0000000244
0000000649
