0000000331
0000000016
0000000232
0000000161
0000000275
0000000245
0000000181
0000000173
0000000418
0000000915
0000000136
0000000292
0000000044
0000000056
0000000070
0000000297
0000000250
0000000340
0000000057
0000000064
0000000015
0000000167
0000000078
0000000038
0000000020
0000000055
0000000083
0000000025
0000000033
0000000086
0000000035
0000000408
0000000053
0000000228
0000000137
0000000092
0000000047
0000000172
0000000726
0000000031
0000000082
0000000037
0000000330
0000000070
0000000040
0000000052
0000000169
0000000043
0000000133
0000000678
0000000537
0000000128
0000000557
0000000375
0000000157
0000000423
0000000388
0000000566
0000000422
0000000870
0000000777
0000000091
0000000491
0000000673
0000000134
0000000088
0000000208
0000000042
0000000922
0000000050
0000000081
0000000752
0000000142
0000000968
0000000922
0000000647
0000000046
0000000241
0000000280
0000000463
0000000993
0000000178
0000000702
0000000247
0000000250
0000000088
0000000075
0000000764
0000000151
0000000131
0000000285
0000000545
0000000072
0000000329
0000000047
0000000135
0000000586
0000000263
0000000137
0000000234
0000000087
0000000383
0000000221
0000000084
0000000191
0000000105
0000000015
0000000055
0000000036
0000000123
0000000179
0000000551
0000000110
0000000026
0000000245
0000000259
0000000106
0000000344
0000000035
0000000936
0000000306
0000000108
0000000912
0000000421
0000000510
0000000591
0000000103
0000000026
0000000109
0000000109
0000000561
0000000114
0000000195
0000000654
0000000356
0000000562
0000000682
0000000037
0000000095
0000000312
0000000256
0000000066
0000000149
0000000809
0000000649
0000000184
0000000235
0000000145
0000000514
0000000563
0000000755
0000000547
0000000396
0000000154
0000000513
0000000260
0000000047
0000000353
0000000090
0000000056
0000000051
0000000170
0000000290
0000000271
0000000988
0000000215
0000000358
0000000041
0000000101
0000000226
0000000205
0000000079
0000000131
0000000196
0000000204
0000000289
0000000031
0000000787
0000000229
0000000653
0000000227
0000000095
0000000294
0000000942
0000000102
0000000065
0000000343
0000000404
0000000295
0000000166
0000000109
0000000242
0000000744
0000000050
0000000441
0000000166
0000000096
0000000624
0000000092
0000000524
0000000412
0000000514
0000000118
0000000089
0000000350
0000000090
0000000094
0000000672
0000000153
0000000365
0000000611
0000000163
0000000385
0000000594
0000000103
0000000916
0000000918
0000000658
0000000481
0000000356
0000000079
0000000265
0000000967
0000000891
0000000109
0000000430
0000000148
0000000528
0000000014
0000000170
0000000582
0000000809
0000000968
0000000155
0000000299
0000000407
0000000107
0000000071
0000000140
0000000160
0000000310
0000000022
0000000790
0000000068
0000000033
0000000989
0000000111
0000000070
0000000063
0000000807
