0000000048
0000000272
0000000332
0000000077
0000000107
0000000338
0000000036
0000000027
0000000644
0000000071
0000000063
0000000022
0000000240
0000000034
0000000516
0000000099
0000000017
0000000431
0000000088
0000000076
0000000015
0000000180
0000000800
0000000114
0000000034
0000000345
0000000581
0000000299
0000000041
0000000333
0000000200
0000000146
0000000460
0000000155
0000000090
0000000018
0000000918
0000000053
0000000925
0000000086
0000000943
0000000214
0000000030
0000000328
0000000820
0000000203
0000000847
0000000231
0000000749
0000000334
0000000015
0000000970
0000000121
0000000727
0000000089
0000000609
0000000209
0000000652
0000000069
0000000228
0000000472
0000000998
0000000102
0000000028
0000000042
0000000991
0000000259
0000000015
0000000569
0000000499
0000000495
0000000912
0000000067
0000000410
0000000020
0000000032
0000000519
0000000200
0000000620
0000000020
0000000446
0000000261
0000000917
0000000181
0000000675
0000000025
0000000146
0000000777
0000000671
0000000021
0000000081
0000000469
0000000034
0000000827
0000000270
0000000968
0000000114
0000000467
0000000146
0000000044
0000000366
0000000191
0000000899
0000000313
0000000425
0000000065
0000000248
0000000406
0000000043
0000000048
0000000074
0000000613
0000000791
0000000122
0000000124
0000000577
0000000302
0000000356
0000000023
0000000889
0000000701
0000000391
0000000457
0000000249
0000000522
0000000370
0000000225
0000000407
0000000067
0000000326
0000000573
0000000131
0000000056
0000000167
0000000026
0000000248
0000000062
0000000471
0000000172
0000000116
0000000162
0000000069
0000000167
0000000333
0000000121
0000000113
0000000020
0000000308
0000000437
0000000428
0000000330
0000000702
0000000330
0000000077
0000000089
0000000088
0000000046
0000000069
0000000298
0000000145
0000000161
0000000113
0000000242
0000000249
0000000021
0000000158
0000000476
0000000414
0000000127
0000000282
0000000158
0000000023
0000000190
0000000174
0000000100
0000000059
0000000421
0000000219
0000000110
0000000019
0000000149
0000000128
0000000192
0000000593
0000000472
0000000063
0000000047
0000000568
0000000253
0000000347
0000000132
0000000022
0000000114
0000000055
0000000349
0000000102
0000000033
0000000080
0000000067
0000000034
0000000151
0000000257
0000000038
0000000019
0000000102
0000000025
0000000087
0000000191
0000000015
0000000060
0000000339
0000000074
0000000072
0000000035
0000000043
0000000163
0000000222
0000000022
0000000045
0000000027
0000000983
0000000231
0000000243
0000000024
0000000590
0000000025
0000000097
0000000029
0000000020
0000000079
0000000084
0000000550
0000000075
0000000196
0000000220
0000000186
0000000035
0000000057
0000000218
0000000140
0000000951
0000000218
0000000435
0000000127
0000000021
0000000128
0000000233
0000000178
0000000212
0000000390
0000000084
0000000581
0000000131
0000000067
0000000291
0000000479
0000000027
0000000061
0000000121
0000000114
0000000145
0000000187
0000000134
0000000707
0000000339
0000000836
0000000870
0000000493
0000000157
0000000476
0000000519
0000000310
0000000066
0000000108
0000000398
0000000167
0000000281
0000000520
0000000155
0000000373
0000000108
0000000020
0000000095
0000000063
0000000349
0000000031
0000000290
0000000192
0000000033
0000000257
0000000044
0000000363
0000000208
0000000111
0000000189
0000000144
0000000849
0000000134
0000000016
0000000077
0000000032
0000000213
0000000164
0000000700
0000000285
0000000185
0000000045
0000000328
0000000140
0000000580
0000000085
0000000620
0000000047
0000000248
0000000088
0000000146
0000000110
0000000030
0000000054
0000000707
0000000101
0000000092
0000000122
0000000064
0000000015
0000000057
0000000216
0000000113
0000000122
0000000219
0000000110
0000000144
0000000293
0000000040
0000000175
0000000973
0000000465
0000000816
0000000562
0000000737
0000000033
0000000216
0000000131
0000000046
0000000069
0000000291
0000000683
0000000318
0000000068
0000000043
0000000057
0000000082
0000000033
0000000161
0000000066
0000000091
0000000088
0000000077
0000000165
0000000030
0000000255
0000000684
0000000927
0000000549
0000000052
0000000898
0000000038
0000000615
0000000742
0000000920
0000000718
0000000018
0000000015
0000000164
0000000254
0000000367
0000000399
0000000767
0000000865
0000000029
0000000029
0000000097
0000000033
0000000415
0000000065
0000000292
0000000182
0000000894
0000000019
0000000254
0000000586
0000000397
0000000293
0000000053
0000000087
0000000015
0000000115
0000000060
0000000476
0000000151
0000000810
0000000165
0000000136
0000000034
0000000380
0000000230
0000000127
0000000016
0000000027
0000000117
0000000180
0000000017
0000000519
0000000905
0000000124
0000000012
0000000057
0000000142
0000000266
0000000375
0000000119
0000000801
0000000060
0000000034
0000000163
0000000029
0000000075
0000000014
0000000062
0000000112
0000000095
0000000582
0000000166
0000000354
0000000112
0000000233
0000000104
0000000407
0000000036
0000000229
0000000036
0000000086
0000000133
0000000032
0000000131
0000000024
0000000235
0000000608
0000000460
0000000244
0000000144
0000000047
0000000057
0000000247
0000000111
0000000262
0000000074
0000000049
0000000424
0000000911
0000000038
0000000565
0000000180
0000000469
0000000014
0000000025
0000000130
0000000157
0000000207
0000000061
0000000292
0000000780
0000000100
0000000023
0000000142
0000000233
0000000109
0000000168
0000000027
0000000090
0000000242
0000000129
0000000025
0000000075
0000000252
0000000160
0000000190
0000000044
0000000327
0000000217
0000000033
0000000304
0000000400
0000000057
0000000961
0000000099
0000000138
0000000644
0000000568
0000000184
0000000183
0000000476
0000000212
0000000112
0000000592
0000000201
0000000459
0000000080
0000000055
0000000197
0000000035
0000000319
0000000905
0000000531
0000000117
0000000544
0000000614
0000000300
0000000348
0000000123
0000000971
0000000331
0000000573
0000000590
0000000067
0000000639
0000000451
0000000225
0000000088
0000000241
0000000066
0000000551
0000000244
0000000456
0000000038
0000000601
0000000107
0000000044
0000000237
0000000134
0000000066
0000000260
0000000061
0000000031
0000000129
0000000067
0000000040
0000000910
0000000127
0000000058
0000000211
0000000585
0000000160
0000000087
0000000042
0000000043
0000000321
0000000428
0000000804
0000000246
0000000434
0000000073
0000000072
0000000716
0000000606
0000000793
0000000712
