0000000307
0000000421
0000000208
0000000925
0000000195
0000000076
0000000608
0000000102
0000000124
0000000104
0000000486
0000000231
0000000017
0000000744
0000000405
0000000430
0000000790
0000000581
0000000199
0000000085
0000000770
0000000060
0000000352
0000000879
0000000950
0000000031
0000000345
0000000736
0000000851
0000000254
0000000923
0000000872
0000000235
0000000407
0000000024
0000000760
0000000630
0000000057
0000000360
0000000204
0000000786
0000000652
0000000534
0000000029
0000000931
0000000669
0000000295
0000000922
0000000201
0000000065
0000000738
0000000594
0000000613
0000000737
0000000940
0000000324
0000000345
0000000684
0000000228
0000000411
0000000947
0000000792
0000000523
0000000084
0000000373
0000000257
0000000075
0000000428
0000000825
0000000659
0000000930
0000000134
0000000927
0000000332
0000000829
0000000143
0000000403
0000000219
0000000437
0000000315
0000000200
0000000119
0000000894
0000000555
0000000104
0000000166
0000000524
0000000158
0000000027
0000000346
0000000660
0000000274
0000000634
0000000201
0000000476
0000000440
0000000754
0000000847
0000000584
0000000619
0000000767
0000000505
0000000624
0000000182
0000000343
0000000020
0000000153
0000000660
0000000406
0000000239
0000000987
0000000656
0000000964
0000000975
0000000484
0000000840
0000000135
0000000164
0000000432
0000000754
0000000899
0000000344
0000000585
0000000029
0000000025
0000000601
0000000224
0000000611
0000000377
0000000099
0000000206
0000000188
0000000705
0000000062
0000000885
0000000498
0000000934
0000000774
0000000509
0000000539
0000000049
0000000254
0000000699
0000000075
0000000186
0000000602
0000000044
0000000076
0000000238
0000000895
0000000166
0000000129
0000000163
0000000160
0000000171
0000000070
0000000112
0000000169
0000000664
0000000074
0000000591
0000000507
0000000442
0000000421
0000000080
0000000018
0000000264
0000000043
0000000160
0000000375
0000000095
0000000290
0000000265
0000000199
0000000133
0000000053
0000000043
0000000094
0000000173
0000000382
0000000549
0000000157
0000000219
0000000110
0000000109
0000000995
0000000346
0000000272
0000000022
0000000831
0000000051
0000000216
0000000029
0000000870
0000000260
0000000039
0000000103
0000000127
0000000115
0000000582
0000000567
0000000129
0000000220
0000000668
0000000662
0000000823
0000000548
0000000257
0000000522
0000000237
0000000458
0000000136
0000000038
0000000898
0000000190
0000000201
0000000469
0000000021
0000000213
0000000585
0000000821
0000000270
0000000273
0000000079
0000000533
0000000537
0000000543
0000000147
0000000985
0000000529
0000000096
0000000927
0000000646
0000000281
0000000286
0000000042
0000000170
0000000249
0000000394
0000000326
0000000235
0000000907
0000000526
0000000019
0000000446
0000000179
0000000381
0000000940
0000000070
0000000161
0000000049
0000000199
0000000666
0000000097
0000000044
0000000103
0000000294
0000000110
0000000461
0000000609
0000000308
0000000061
0000000700
0000000436
0000000085
0000000144
0000000701
0000000223
0000000458
0000000069
0000000267
0000000844
0000000997
0000000021
0000000312
0000000411
0000000157
0000000228
0000000388
0000000016
0000000020
0000000315
0000000019
0000000242
0000000943
0000000789
0000000116
0000000536
0000000210
0000000041
0000000200
0000000098
0000000093
0000000391
0000000567
0000000099
0000000029
0000000205
0000000048
0000000148
0000000224
0000000081
0000000980
0000000577
0000000568
0000000068
0000000737
0000000402
0000000730
0000000040
0000000222
0000000775
0000000095
0000000349
0000000059
0000000410
0000000764
0000000965
0000000559
0000000438
0000000107
0000000346
0000000389
0000000986
0000000966
0000000467
0000000407
0000000203
0000000250
0000000794
0000000073
0000000627
0000000746
0000000182
0000000733
0000000276
0000000969
0000000269
0000000338
0000000164
0000000267
0000000994
0000000492
0000000392
0000000677
0000000616
0000000758
0000000123
0000000360
0000000090
0000000750
0000000903
0000000054
0000000071
0000000045
0000000320
0000000998
0000000310
0000000123
0000000131
0000000171
0000000215
0000000210
0000000839
0000000089
0000000066
0000000147
0000000689
0000000032
0000000236
0000000090
0000000176
0000000103
0000000192
0000000046
0000000049
0000000287
0000000137
0000000137
0000000060
0000000121
0000000079
0000000050
0000000709
0000000245
0000000402
0000000200
0000000094
0000000353
0000000053
0000000381
0000000100
0000000344
0000000134
0000000028
0000000012
0000000111
0000000083
0000000110
0000000366
0000000364
0000000613
0000000034
0000000177
0000000102
0000000298
0000000345
0000000545
0000000182
0000000065
0000000591
0000000016
0000000994
0000000117
0000000092
0000000065
0000000086
0000000074
0000000084
0000000351
0000000099
0000000303
0000000193
0000000499
0000000067
0000000739
0000000084
0000000054
0000000132
0000000384
0000000138
0000000957
0000000275
0000000021
0000000166
0000000073
0000000256
0000000325
0000000078
0000000028
0000000124
0000000307
0000000194
0000000178
0000000132
0000000128
0000000194
0000000989
0000000024
0000000151
0000000556
0000000365
0000000083
0000000094
0000000046
0000000019
0000000107
0000000964
0000000829
0000000493
0000000522
0000000487
0000000480
0000000015
0000000459
0000000437
0000000426
0000000449
0000000630
0000000312
0000000067
0000000051
0000000146
0000000090
0000000113
0000000062
0000000113
0000000087
0000000321
0000000239
0000000052
0000000184
0000000045
0000000048
0000000158
0000000047
0000000166
0000000073
0000000015
0000000140
0000000097
0000000421
0000000141
0000000439
0000000136
0000000064
0000000055
0000000045
0000000242
