0000000086
0000000061
0000000589
0000000134
0000000115
0000000924
0000000024
0000000087
0000000417
0000000016
0000000433
0000000085
0000000138
0000000044
0000000383
0000000264
0000000232
0000000261
0000000208
0000000043
0000000395
0000000110
0000000019
0000000050
0000000037
0000000432
0000000118
0000000048
0000000083
0000000359
0000000053
0000000102
0000000055
0000000127
0000000082
0000000199
0000000093
0000000069
0000000044
0000000335
0000000087
0000000350
0000000080
0000000236
0000000560
0000000057
0000000168
0000000245
0000000088
0000000051
0000000784
0000000232
0000000450
0000000239
0000000536
0000000098
0000000110
0000000023
0000000209
0000000046
0000000146
0000000062
0000000438
0000000397
0000000089
0000000054
0000000027
0000000167
0000000302
0000000200
0000000259
0000000291
0000000012
0000000045
0000000082
0000000173
0000000237
0000000046
0000000113
0000000419
0000000173
0000000429
0000000319
0000000046
0000000070
0000000275
0000000023
0000000075
0000000164
0000000484
0000000117
0000000791
0000000157
0000000220
0000000132
0000000381
0000000074
0000000175
0000000014
0000000134
0000000037
0000000021
0000000155
0000000449
0000000301
0000000221
0000000266
0000000267
0000000087
0000000245
0000000030
0000000132
0000000098
0000000152
0000000070
0000000111
0000000329
0000000025
0000000771
0000000510
0000000334
0000000288
0000000023
0000000511
0000000613
0000000183
0000000512
0000000013
0000000072
0000000323
0000000185
0000000058
0000000211
0000000354
0000000198
0000000195
0000000324
0000000219
0000000299
0000000085
0000000057
0000000399
0000000210
0000000016
0000000092
0000000426
0000000132
0000000065
0000000052
0000000214
0000000235
0000000398
0000000325
0000000076
0000000140
0000000043
0000000522
0000000061
0000000284
0000000093
0000000797
0000000045
0000000357
0000000375
0000000730
0000000403
0000000073
0000000813
0000000471
0000000779
0000000850
0000000745
0000000015
0000000373
0000000938
0000000031
0000000832
0000000798
0000000840
0000000349
0000000814
0000000200
0000000210
0000000615
0000000670
0000000261
0000000080
0000000332
0000000161
0000000998
0000000339
0000000051
0000000411
0000000018
0000000157
0000000071
0000000203
0000000082
0000000416
0000000829
0000000034
0000000567
0000000867
0000000290
0000000036
0000000552
0000000151
0000000081
0000000327
0000000403
0000000258
0000000328
0000000554
0000000126
0000000042
0000000050
0000000192
0000000163
0000000170
0000000296
0000000014
0000000093
0000000096
0000000889
0000000281
0000000758
0000000024
0000000666
0000000851
0000000063
0000000092
0000000432
0000000151
0000000613
0000000060
0000000294
0000000250
0000000106
0000000994
0000000983
0000000336
0000000720
0000000395
0000000037
0000000526
0000000307
0000000136
0000000403
0000000781
0000000023
0000000924
0000000030
0000000492
0000000164
0000000332
0000000218
0000000115
0000000114
0000000343
0000000097
0000000370
0000000125
0000000539
0000000463
0000000353
0000000670
0000000973
0000000480
0000000827
0000000967
0000000185
0000000314
0000000022
0000000774
0000000764
0000000269
0000000104
0000000222
0000000224
0000000258
0000000353
0000000054
0000000987
0000000032
0000000559
0000000238
0000000603
0000000600
0000000466
0000000122
