0000000727
0000000389
0000000054
0000000066
0000000536
0000000854
0000000201
0000000926
0000000034
0000000017
0000000478
0000000633
0000000107
0000000105
0000000016
0000000116
0000000456
0000000143
0000000659
0000000198
0000000076
0000000164
0000000289
0000000386
0000000915
0000000236
0000000353
0000000389
0000000313
0000000263
0000000086
0000000181
0000000203
0000000173
0000000078
0000000320
0000000118
0000000632
0000000589
0000000141
0000000148
0000000334
0000000486
0000000053
0000000157
0000000293
0000000714
0000000260
0000000599
0000000082
0000000618
0000000325
0000000040
0000000092
0000000063
0000000349
0000000045
0000000301
0000000489
0000000268
0000000071
0000000060
0000000994
0000000412
0000000045
0000000525
0000000691
0000000228
0000000329
0000000223
0000000484
0000000294
0000000962
0000000406
0000000679
0000000333
0000000044
0000000584
0000000015
0000000538
0000000413
0000000268
0000000093
0000000304
0000000821
0000000432
0000000266
0000000954
0000000798
0000000563
0000000431
0000000871
0000000096
0000000629
0000000084
0000000958
0000000844
0000000669
0000000598
0000000098
0000000215
0000000101
0000000759
0000000213
0000000083
0000000126
0000000113
0000000143
0000000138
0000000419
0000000061
0000000830
0000000967
0000000576
0000000964
0000000355
0000000989
0000000360
0000000095
0000000500
0000000877
0000000466
0000000510
0000000642
0000000096
0000000198
0000000419
0000000292
0000000279
0000000390
0000000331
0000000684
0000000516
0000000051
0000000231
0000000497
0000000169
0000000013
0000000821
0000000106
0000000621
0000000262
0000000027
0000000022
0000000080
0000000681
0000000093
0000000110
0000000041
0000000134
0000000532
0000000554
0000000018
0000000705
0000000822
0000000553
0000000118
0000000321
0000000856
0000000833
0000000669
0000000837
0000000917
0000000487
0000000105
0000000759
0000000199
0000000290
0000000145
0000000417
0000000131
0000000311
0000000204
0000000183
0000000807
0000000214
0000000055
0000000547
0000000575
0000000862
0000000186
0000000213
0000000132
0000000068
0000000937
0000000048
0000000216
0000000175
0000000073
0000000215
0000000417
0000000288
0000000390
0000000144
0000000076
0000000306
0000000215
0000000771
0000000281
0000000018
0000000245
0000000133
0000000207
0000000181
0000000122
0000000572
0000000274
0000000595
0000000629
0000000488
0000000222
0000000549
0000000116
0000000105
0000000427
0000000048
0000000991
0000000979
0000000334
0000000467
0000000291
0000000135
0000000916
0000000308
0000000689
0000000138
0000000181
0000000036
0000000029
0000000979
0000000903
0000000484
0000000244
0000000375
0000000527
0000000666
0000000149
0000000226
0000000308
0000000765
0000000114
0000000579
0000000601
0000000178
0000000653
0000000166
0000000320
0000000243
0000000349
0000000705
0000000131
0000000215
0000000035
0000000403
0000000261
0000000802
0000000040
0000000219
0000000088
0000000121
0000000529
0000000399
0000000497
0000000046
0000000116
0000000201
0000000126
0000000441
0000000103
0000000069
0000000222
0000000277
0000000470
0000000875
0000000256
0000000088
0000000422
0000000210
0000000024
0000000184
0000000931
0000000741
0000000751
0000000140
0000000047
0000000109
0000000780
0000000036
0000000081
0000000014
0000000264
0000000063
0000000249
0000000290
0000000092
0000000281
0000000832
0000000741
0000000569
0000000155
0000000762
0000000352
0000000179
0000000919
0000000166
0000000217
0000000668
0000000030
0000000668
0000000113
0000000174
0000000211
0000000224
0000000028
0000000138
0000000627
0000000971
0000000368
0000000386
0000000532
0000000123
0000000098
0000000102
0000000175
0000000039
0000000317
0000000372
0000000025
0000000549
0000000076
0000000094
0000000229
0000000595
0000000792
0000000134
0000000198
0000000164
0000000049
0000000181
0000000031
0000000239
0000000681
0000000081
0000000302
0000000114
0000000080
0000000211
0000000808
0000000424
0000000133
0000000496
0000000331
0000000068
0000000212
0000000999
0000000022
0000000258
0000000119
0000000020
0000000324
0000000051
0000000360
0000000190
0000000222
0000000251
0000000257
0000000079
0000000216
0000000097
0000000127
0000000291
0000000080
0000000666
0000000090
0000000214
0000000205
0000000065
0000000053
0000000099
0000000138
0000000400
0000000157
0000000014
0000000079
0000000478
0000000590
0000000263
0000000026
0000000059
0000000609
0000000186
0000000079
0000000218
0000000178
0000000174
0000000320
0000000080
0000000073
0000000456
0000000153
0000000151
0000000365
