0000000960
0000000045
0000000308
0000000253
0000000447
0000000035
0000000126
0000000163
0000000118
0000000183
0000000686
0000000039
0000000233
0000000399
0000000226
0000000625
0000000278
0000000631
0000000515
0000000373
0000000250
0000000172
0000000027
0000000224
0000000687
0000000233
0000000825
0000000147
0000000943
0000000515
0000000057
0000000030
0000000053
0000000051
0000000761
0000000089
0000000156
0000000279
0000000122
0000000063
0000000065
0000000262
0000000012
0000000133
0000000166
0000000313
0000000901
0000000115
0000000043
0000000177
0000000630
0000000232
0000000033
0000000752
0000000166
0000000749
0000000851
0000000148
0000000088
0000000163
0000000067
0000000052
0000000225
0000000106
0000000438
0000000161
0000000954
0000000045
0000000263
0000000461
0000000392
0000000893
0000000689
0000000438
0000000126
0000000512
0000000745
0000000044
0000000273
0000000020
0000000103
0000000582
0000000033
0000000327
0000000317
0000000070
0000000543
0000000082
0000000972
0000000249
0000000649
0000000174
0000000144
0000000969
0000000164
0000000527
0000000199
0000000306
0000000113
0000000908
0000000129
0000000236
0000000260
0000000103
0000000263
0000000585
0000000171
0000000612
0000000803
0000000029
0000000209
0000000465
0000000213
0000000147
0000000149
0000000026
0000000253
0000000916
0000000865
0000000029
0000000846
0000000869
0000000252
0000000029
0000000799
0000000903
0000000355
0000000376
0000000204
0000000360
0000000474
0000000198
0000000123
0000000722
0000000298
0000000991
0000000118
0000000858
0000000462
0000000642
0000000401
0000000209
0000000187
0000000198
0000000842
0000000019
0000000528
0000000144
0000000968
0000000292
0000000399
0000000661
0000000044
0000000353
0000000153
0000000260
0000000636
0000000114
0000000159
0000000572
0000000433
0000000964
0000000049
0000000462
0000000369
0000000063
0000000080
0000000962
0000000928
0000000172
0000000611
0000000830
0000000028
0000000059
0000000271
0000000662
0000000561
0000000125
0000000264
0000000044
0000000024
0000000703
0000000280
0000000067
0000000180
0000000613
0000000697
0000000435
0000000293
0000000021
0000000621
0000000729
0000000083
0000000288
0000000018
0000000225
0000000832
0000000550
0000000572
0000000164
0000000315
0000000406
0000000045
0000000744
0000000842
0000000274
0000000104
0000000219
0000000114
0000000471
0000000249
0000000688
0000000027
0000000734
0000000293
0000000979
0000000593
0000000901
0000000073
0000000014
0000000342
0000000860
0000000188
0000000245
0000000862
0000000053
0000000068
0000000188
0000000126
0000000350
0000000121
0000000123
0000000167
0000000429
0000000091
0000000052
0000000091
0000000370
0000000385
0000000329
0000000168
0000000914
0000000086
0000000036
0000000404
0000000216
0000000152
0000000495
0000000677
0000000081
0000000955
0000000051
0000000183
0000000470
0000000315
0000000098
0000000316
0000000494
0000000706
0000000269
0000000212
0000000646
0000000013
0000000039
0000000825
0000000769
0000000245
0000000185
0000000065
0000000156
0000000028
0000000017
0000000416
0000000052
0000000081
0000000484
0000000250
0000000040
0000000294
0000000303
0000000093
0000000036
0000000328
0000000053
0000000289
0000000090
0000000481
0000000079
0000000121
0000000412
0000000123
0000000073
0000000074
0000000632
0000000990
0000000409
0000000068
0000000418
0000000100
0000000194
0000000146
0000000076
0000000018
0000000128
0000000168
0000000198
0000000124
0000000199
0000000065
0000000311
0000000206
0000000226
0000000246
0000000192
0000000273
0000000588
0000000098
0000000351
0000000114
0000000569
0000000493
0000000136
0000000359
0000000843
0000000088
0000000810
0000000101
0000000779
0000000714
0000000021
0000000025
0000000481
0000000405
0000000159
0000000585
0000000298
0000000452
0000000203
0000000898
0000000934
0000000281
0000000037
0000000393
0000000106
0000000259
0000000273
0000000455
0000000160
0000000311
0000000268
0000000662
0000000210
0000000029
0000000057
0000000033
0000000048
0000000152
0000000099
0000000155
0000000943
0000000137
0000000037
0000000495
0000000881
0000000298
0000000143
0000000163
0000000187
0000000181
0000000410
0000000439
0000000345
0000000866
0000000767
0000000017
0000000074
0000000739
0000000277
0000000076
0000000166
0000000032
0000000104
0000000245
0000000168
0000000301
0000000611
0000000215
0000000098
0000000097
0000000063
0000000980
0000000041
0000000302
0000000339
0000000115
0000000132
0000000186
0000000587
0000000200
0000000279
0000000166
0000000106
0000000639
0000000070
0000000058
0000000289
0000000044
0000000023
0000000294
0000000170
0000000307
0000000111
0000000018
0000000526
0000000673
0000000160
0000000599
0000000507
0000000086
0000000024
0000000201
0000000363
0000000056
0000000182
0000000025
0000000026
0000000220
0000000345
0000000126
0000000031
0000000183
0000000104
0000000116
0000000092
0000000810
0000000740
0000000574
0000000099
0000000017
0000000057
0000000662
0000000013
0000000735
0000000049
0000000993
0000000060
0000000206
0000000395
0000000208
0000000097
0000000597
0000000134
0000000524
0000000070
0000000374
0000000733
0000000998
0000000563
0000000487
0000000154
0000000175
0000000107
0000000151
0000000638
0000000045
0000000930
0000000921
0000000222
0000000178
0000000426
0000000080
0000000937
0000000108
0000000123
0000000381
0000000056
0000000845
0000000137
0000000831
0000000082
0000000701
0000000015
0000000021
0000000029
0000000077
0000000044
0000000240
0000000113
0000000018
0000000121
0000000062
0000000077
0000000093
0000000186
0000000076
0000000079
0000000040
0000000185
0000000709
0000000988
0000000078
0000000587
0000000128
0000000461
0000000089
0000000128
0000000753
0000000091
0000000725
0000000071
0000000103
0000000257
0000000286
0000000190
0000000848
0000000145
0000000382
0000000675
0000000457
0000000213
0000000091
0000000932
0000000778
0000000179
0000000842
0000000186
0000000849
0000000090
0000000443
0000000120
0000000190
0000000032
0000000237
0000000301
0000000135
0000000875
0000000280
0000000116
0000000965
0000000230
0000000014
0000000040
0000000445
0000000957
0000000059
0000000593
0000000297
0000000026
0000000279
0000000046
0000000580
0000000704
0000000125
0000000592
0000000793
0000000158
0000000237
0000000058
0000000702
0000000095
0000000210
0000000915
0000000104
0000000661
0000000766
0000000092
0000000433
0000000105
0000000500
0000000137
0000000016
0000000570
0000000386
0000000336
0000000278
0000000115
0000000051
0000000311
0000000172
0000000094
0000000012
0000000897
0000000866
0000000550
0000000355
0000000143
0000000706
0000000029
0000000015
0000000076
0000000072
0000000166
0000000161
0000000742
0000000452
0000000138
0000000161
0000000974
0000000070
0000000261
0000000251
0000000024
0000000058
0000000051
0000000409
0000000163
0000000768
0000000367
0000000020
0000000079
0000000622
0000000255
0000000915
0000000273
0000000223
0000000769
0000000106
0000000173
0000000030
0000000435
0000000068
0000000083
0000000070
0000000028
0000000282
0000000026
0000000083
0000000559
0000000203
0000000058
0000000062
0000000884
0000000948
0000000108
0000000944
0000000629
0000000610
0000000314
0000000149
0000000081
0000000055
0000000329
0000000122
0000000150
0000000152
0000000021
0000000200
0000000137
0000000324
0000000058
0000000116
0000000109
0000000148
0000000155
0000000425
0000000070
0000000066
0000000242
0000000024
0000000346
0000000087
0000000053
0000000285
0000000776
0000000173
0000000427
0000000599
0000000291
0000000313
0000000383
0000000546
0000000343
0000000526
0000000391
0000000772
0000000298
0000000812
0000000682
0000000053
0000000453
0000000060
0000000360
0000000083
0000000924
0000000619
0000000249
0000000096
0000000197
0000000094
0000000683
0000000020
0000000477
0000000451
0000000047
0000000791
0000000861
0000000186
0000000726
0000000460
0000000488
0000000147
0000000390
0000000988
0000000915
0000000312
0000000152
0000000083
0000000288
0000000049
0000000077
0000000024
0000000047
0000000132
0000000057
0000000303
0000000060
0000000068
0000000986
0000000099
0000000275
0000000986
0000000054
0000000078
0000000106
0000000038
0000000452
0000000551
0000000168
0000000379
0000000116
0000000125
0000000671
0000000232
0000000933
0000000075
0000000130
0000000325
0000000176
0000000196
0000000237
0000000632
0000000278
0000000059
0000000116
0000000117
0000000355
0000000174
0000000035
0000000106
0000000293
0000000221
0000000050
0000000047
0000000212
0000000046
0000000144
0000000943
0000000017
0000000099
0000000367
0000000150
0000000387
0000000241
0000000142
0000000016
0000000062
0000000197
0000000875
0000000340
0000000381
0000000217
0000000384
0000000037
0000000051
0000000439
0000000185
0000000371
0000000137
0000000237
0000000206
0000000572
0000000528
0000000449
0000000787
0000000777
0000000240
0000000086
0000000730
0000000216
0000000078
0000000707
0000000574
0000000571
0000000951
0000000124
0000000304
0000000021
0000000659
0000000484
0000000373
0000000019
0000000058
0000000191
0000000023
0000000369
0000000366
0000000444
0000000042
0000000945
0000000033
0000000161
0000000201
0000000203
0000000148
0000000333
0000000147
0000000106
0000000108
0000000218
0000000110
0000000019
0000000176
0000000028
0000000053
0000000136
0000000104
0000000125
0000000579
0000000236
0000000357
0000000158
0000000043
0000000475
0000000053
0000000083
0000000763
0000000243
0000000756
0000000107
0000000414
0000000060
0000000274
0000000025
0000000218
0000000153
0000000621
0000000120
0000000314
0000000412
0000000222
0000000558
0000000056
0000000229
0000000051
0000000049
0000000043
0000000729
0000000161
0000000352
0000000969
0000000152
0000000565
0000000891
0000000747
0000000287
0000000526
0000000639
0000000570
0000000654
0000000082
0000000694
0000000149
0000000510
0000000071
0000000019
0000000142
0000000037
0000000253
0000000224
0000000231
0000000178
0000000332
0000000356
0000000185
0000000524
0000000641
0000000317
0000000040
0000000418
0000000168
0000000867
0000000064
0000000338
0000000960
0000000168
0000000109
0000000389
0000000340
0000000042
0000000278
0000000192
0000000051
0000000048
0000000140
0000000191
0000000631
0000000221
0000000222
0000000017
0000000229
