0000000679
0000000148
0000000122
0000000150
0000000188
0000000179
0000000341
0000000055
0000000065
0000000090
0000000727
0000000643
0000000019
0000000283
0000000059
0000000013
0000000096
0000000065
0000000337
0000000100
0000000097
0000000038
0000000422
0000000672
0000000021
0000000746
0000000138
0000000202
0000000079
0000000792
0000000777
0000000024
0000000188
0000000172
0000000125
0000000608
0000000104
0000000056
0000000070
0000000022
0000000206
0000000032
0000000202
0000000935
0000000223
0000000824
0000000117
0000000026
0000000476
0000000023
0000000205
0000000014
0000000512
0000000285
0000000059
0000000075
0000000054
0000000532
0000000215
0000000202
0000000108
0000000139
0000000106
0000000138
0000000832
0000000926
0000000361
0000000260
0000000047
0000000274
0000000783
0000000751
0000000074
0000000169
0000000017
0000000045
0000000164
0000000125
0000000058
0000000032
0000000198
0000000240
0000000550
0000000034
0000000173
0000000101
0000000648
0000000536
0000000265
0000000341
0000000213
0000000319
0000000097
0000000179
0000000553
0000000188
0000000080
0000000273
0000000018
0000000398
0000000031
0000000030
0000000918
0000000824
0000000163
0000000458
0000000569
0000000064
0000000189
0000000206
0000000111
0000000022
0000000388
0000000014
0000000307
0000000115
0000000180
0000000158
0000000194
0000000120
0000000109
0000000071
0000000691
0000000778
0000000130
0000000428
0000000238
0000000964
0000000451
0000000321
0000000350
0000000017
0000000151
0000000044
0000000361
0000000338
0000000371
0000000177
0000000199
0000000185
0000000801
0000000462
0000000298
0000000086
0000000993
0000000089
0000000301
0000000065
0000000036
0000000042
0000000163
0000000129
0000000086
0000000018
0000000065
0000000553
0000000976
0000000035
0000000102
0000000045
0000000119
0000000137
0000000175
0000000169
0000000143
0000000374
0000000277
0000000344
0000000189
0000000099
0000000382
0000000053
0000000241
0000000180
0000000106
0000000160
0000000014
0000000252
0000000304
0000000661
0000000742
0000000922
0000000351
0000000379
0000000237
0000000079
0000000186
0000000163
0000000410
0000000139
0000000065
0000000952
0000000662
0000000037
0000000045
0000000185
0000000826
0000000379
0000000138
0000000019
0000000131
0000000309
0000000170
0000000179
0000000138
0000000138
0000000666
0000000078
0000000806
0000000040
0000000851
0000000057
0000000065
0000000137
0000000801
0000000250
0000000059
0000000064
0000000174
0000000035
0000000127
0000000049
0000000215
0000000017
0000000430
0000000287
0000000161
0000000495
0000000356
0000000019
0000000175
0000000241
0000000054
0000000413
0000000038
0000000489
0000000734
0000000128
0000000095
0000000449
0000000066
0000000711
0000000589
0000000184
0000000029
0000000244
0000000099
0000000167
0000000143
0000000275
0000000049
0000000272
0000000506
0000000139
0000000022
0000000261
0000000324
0000000359
0000000253
0000000691
0000000570
0000000068
0000000912
0000000044
0000000027
0000000211
0000000034
0000000028
0000000799
0000000078
0000000255
0000000017
0000000487
0000000245
0000000093
0000000831
0000000268
0000000113
0000000083
0000000225
0000000455
0000000162
0000000186
0000000036
0000000250
0000000124
0000000135
0000000473
0000000046
0000000512
0000000775
0000000144
0000000903
0000000027
0000000148
0000000018
0000000265
0000000274
0000000419
0000000211
0000000142
0000000118
0000000223
0000000305
0000000247
0000000657
0000000084
0000000065
0000000529
0000000880
0000000186
0000000711
0000000547
0000000270
0000000247
0000000116
0000000114
0000000196
0000000154
0000000658
0000000089
0000000525
0000000093
0000000111
0000000407
0000000034
0000000743
0000000932
0000000943
0000000226
0000000140
0000000139
0000000065
0000000110
0000000024
0000000058
0000000116
0000000020
0000000073
0000000099
0000000138
0000000014
0000000083
0000000207
0000000076
0000000078
0000000270
0000000024
0000000118
0000000152
0000000087
0000000489
0000000996
0000000079
0000000093
0000000922
0000000214
0000000110
0000000018
0000000299
0000000102
0000000121
0000000104
0000000127
0000000060
0000000377
0000000405
0000000896
0000000693
0000000084
0000000086
0000000445
0000000039
0000000025
0000000043
0000000074
0000000020
0000000569
0000000574
0000000029
0000000098
0000000023
0000000022
0000000391
0000000940
0000000906
0000000828
0000000014
0000000475
0000000091
0000000026
0000000056
0000000182
0000000128
0000000780
0000000031
0000000168
0000000182
0000000816
0000000036
0000000852
0000000087
0000000153
0000000091
0000000041
0000000498
0000000067
0000000062
0000000040
0000000656
0000000139
0000000348
0000000091
0000000093
0000000737
0000000049
0000000341
0000000080
0000000104
0000000094
0000000070
0000000796
0000000139
0000000124
0000000014
0000000181
0000000101
0000000040
0000000046
0000000058
0000000106
0000000504
0000000485
0000000906
0000000645
0000000018
0000000468
0000000076
0000000539
0000000470
0000000803
0000000743
0000000671
0000000211
0000000647
0000000049
0000000250
0000000883
0000000576
0000000039
0000000844
0000000238
0000000759
0000000059
0000000307
0000000314
0000000220
0000000972
0000000349
0000000663
0000000156
0000000134
0000000255
0000000032
0000000132
0000000058
0000000905
0000000065
0000000147
0000000180
0000000397
0000000042
0000000031
0000000500
0000000066
0000000075
0000000022
0000000190
0000000101
0000000026
0000000513
0000000526
0000000414
0000000086
0000000723
0000000060
0000000017
0000000466
0000000024
0000000076
0000000382
0000000536
0000000093
0000000467
0000000120
0000000225
0000000040
0000000238
0000000196
0000000028
0000000108
0000000429
0000000030
0000000502
0000000087
0000000380
0000000022
0000000093
0000000018
0000000610
0000000287
0000000230
0000000226
0000000068
0000000153
0000000030
0000000056
0000000267
0000000055
0000000420
0000000374
0000000078
0000000033
0000000232
0000000271
0000000420
0000000043
0000000110
0000000941
0000000685
0000000033
0000000101
0000000495
0000000081
0000000081
0000000203
0000000113
0000000093
0000000867
0000000341
0000000037
0000000792
0000000132
0000000262
0000000722
0000000033
0000000070
0000000506
0000000101
0000000094
0000000228
0000000209
0000000079
0000000325
0000000148
0000000223
0000000206
0000000237
0000000702
0000000218
0000000076
0000000997
0000000663
0000000135
0000000175
0000000094
0000000042
0000000202
0000000114
0000000175
0000000073
0000000102
0000000300
0000000306
0000000036
0000000510
0000000205
0000000060
0000000668
0000000069
0000000465
0000000211
0000000280
0000000181
0000000230
0000000051
0000000221
0000000015
0000000100
