0000000224
0000000015
0000000137
0000000021
0000000458
0000000019
0000000191
0000000485
0000000148
0000000068
0000000714
0000000088
0000000035
0000000046
0000000124
0000000487
0000000022
0000000262
0000000048
0000000206
0000000234
0000000141
0000000100
0000000333
0000000326
0000000952
0000000080
0000000223
0000000178
0000000244
0000000325
0000000285
0000000944
0000000327
0000000191
0000000241
0000000047
0000000832
0000000016
0000000558
0000000371
0000000147
0000000426
0000000722
0000000847
0000000077
0000000466
0000000614
0000000545
0000000026
0000000014
0000000154
0000000278
0000000938
0000000228
0000000604
0000000966
0000000853
0000000615
0000000052
0000000244
0000000118
0000000409
0000000298
0000000076
0000000840
0000000777
0000000389
0000000410
0000000379
0000000250
0000000086
0000000240
0000000740
0000000435
0000000013
0000000239
0000000838
0000000326
0000000893
0000000305
0000000992
0000000156
0000000096
0000000419
0000000152
0000000115
0000000157
0000000125
0000000013
0000000214
0000000219
0000000826
0000000969
0000000225
0000000101
0000000046
0000000261
0000000826
0000000555
0000000072
0000000095
0000000708
0000000671
0000000576
0000000116
0000000396
0000000197
0000000187
0000000178
0000000988
0000000019
0000000455
0000000737
0000000097
0000000187
0000000915
0000000650
0000000561
0000000015
0000000156
0000000863
0000000022
0000000382
0000000139
0000000813
0000000064
0000000437
0000000890
0000000821
0000000793
0000000064
0000000018
0000000141
0000000403
0000000481
0000000543
0000000983
0000000475
0000000669
0000000538
0000000148
0000000597
0000000626
0000000368
0000000354
0000000232
0000000207
0000000810
0000000068
0000000215
0000000267
0000000488
0000000594
0000000782
0000000563
0000000639
0000000076
0000000208
0000000530
0000000088
0000000913
0000000055
0000000116
0000000894
0000000222
0000000417
0000000117
0000000218
0000000718
0000000405
0000000015
0000000867
0000000819
0000000044
0000000342
0000000086
0000000287
0000000076
0000000378
0000000197
0000000042
0000000075
0000000580
0000000965
0000000289
0000000327
0000000193
0000000833
0000000189
0000000107
0000000720
0000000591
0000000555
0000000488
0000000220
0000000771
0000000332
0000000015
0000000992
0000000014
0000000913
0000000312
0000000854
0000000326
0000000069
0000000306
0000000073
0000000037
0000000133
0000000180
0000000015
0000000083
0000000994
0000000359
0000000304
0000000322
0000000410
0000000059
0000000140
0000000055
0000000749
0000000506
0000000165
0000000918
0000000721
0000000716
0000000392
0000000126
0000000152
0000000954
0000000126
0000000246
0000000732
0000000099
0000000054
0000000072
0000000068
0000000110
0000000340
0000000209
0000000152
0000000018
0000000095
0000000015
0000000362
0000000079
0000000293
0000000796
0000000041
0000000127
0000000027
0000000077
0000000186
0000000081
0000000087
0000000087
0000000613
0000000119
0000000095
0000000120
0000000708
0000000155
0000000165
0000000395
0000000116
0000000046
0000000109
0000000210
0000000070
0000000047
0000000170
0000000366
0000000033
0000000363
0000000060
0000000192
0000000540
0000000153
0000000761
0000000550
0000000052
0000000638
0000000014
0000000103
0000000070
0000000484
0000000039
0000000063
0000000075
0000000058
0000000410
0000000124
0000000211
0000000053
0000000547
0000000626
0000000115
0000000141
0000000053
0000000090
0000000291
0000000069
0000000029
0000000923
0000000101
0000000039
0000000015
0000000050
0000000034
0000000172
0000000214
0000000114
0000000608
0000000294
0000000785
0000000119
0000000169
0000000580
0000000155
0000000215
0000000089
0000000865
0000000643
0000000735
0000000495
0000000069
0000000150
0000000860
0000000367
0000000301
0000000030
0000000167
0000000618
0000000084
0000000030
0000000047
0000000058
0000000353
0000000134
0000000265
0000000065
0000000168
0000000136
0000000231
0000000308
0000000440
0000000836
0000000063
0000000103
0000000457
0000000095
0000000371
0000000505
0000000232
0000000608
0000000239
0000000142
0000000741
0000000677
0000000031
0000000101
0000000214
0000000316
0000000175
0000000108
0000000208
0000000155
0000000256
0000000093
0000000111
0000000261
0000000048
0000000045
0000000189
0000000233
0000000062
0000000460
0000000118
0000000100
0000000062
0000000382
0000000056
0000000105
0000000053
0000000224
0000000196
0000000013
0000000144
0000000442
0000000199
0000000078
0000000238
0000000031
0000000827
0000000032
0000000183
0000000120
0000000026
0000000275
0000000029
0000000041
0000000170
0000000099
0000000080
0000000402
0000000457
0000000710
0000000049
0000000085
0000000182
0000000163
0000000224
0000000075
0000000097
0000000113
0000000209
0000000071
0000000237
0000000125
0000000033
0000000187
0000000266
0000000206
0000000088
0000000015
0000000034
0000000169
0000000545
0000000507
0000000019
0000000037
0000000185
0000000275
0000000061
0000000046
0000000245
0000000181
0000000177
0000000018
0000000456
0000000055
0000000056
0000000603
0000000147
0000000023
0000000157
0000000039
0000000565
0000000287
0000000015
0000000019
0000000233
0000000200
0000000272
0000000311
0000000024
0000000830
0000000127
0000000084
0000000012
0000000351
0000000158
0000000712
0000000201
0000000341
0000000081
0000000171
0000000161
0000000059
0000000259
0000000109
0000000084
0000000184
0000000195
0000000189
0000000782
0000000069
0000000322
0000000017
0000000099
0000000045
0000000013
0000000365
0000000038
0000000143
0000000018
0000000038
0000000137
0000000140
0000000025
0000000300
0000000404
0000000058
0000000211
0000000181
0000000060
0000000209
0000000132
0000000054
0000000463
0000000694
0000000210
0000000166
0000000271
0000000034
0000000093
0000000109
0000000098
0000000377
0000000081
0000000220
0000000273
0000000320
0000000329
0000000155
0000000086
0000000245
0000000137
0000000034
0000000484
0000000028
0000000122
0000000061
0000000022
0000000067
0000000025
0000000049
0000000053
0000000890
0000000095
0000000390
0000000408
0000000139
0000000056
0000000044
0000000020
0000000143
0000000226
0000000103
0000000120
0000000069
0000000124
0000000037
0000000183
0000000139
0000000117
0000000130
0000000034
0000000123
0000000030
0000000080
0000000050
0000000092
0000000022
0000000059
0000000139
0000000041
0000000037
0000000594
0000000174
0000000171
0000000254
0000000031
0000000181
0000000761
0000000049
0000000083
0000000275
0000000192
0000000539
0000000328
0000000301
0000000108
0000000030
0000000298
0000000077
0000000342
0000000099
0000000172
0000000170
0000000559
0000000194
0000000048
0000000091
0000000039
0000000142
0000000274
0000000406
0000000322
0000000724
0000000214
0000000274
0000000166
0000000409
0000000592
0000000450
0000000357
0000000335
0000000806
0000000038
0000000249
0000000720
0000000884
0000000363
0000000215
0000000188
0000000219
0000000237
0000000230
0000000729
0000000693
0000000153
0000000140
0000000784
0000000870
0000000865
0000000164
0000000176
0000000154
0000000745
0000000995
0000000542
0000000036
0000000964
0000000611
0000000567
0000000100
0000000685
0000000257
0000000658
0000000054
0000000468
0000000761
0000000415
0000000300
0000000714
0000000275
0000000406
0000000051
0000000617
0000000423
0000000227
0000000155
0000000589
0000000421
0000000090
0000000145
0000000280
0000000306
0000000198
0000000062
0000000399
0000000211
0000000346
0000000522
0000000184
0000000066
0000000375
0000000138
0000000060
0000000075
0000000819
0000000260
0000000104
0000000100
0000000034
0000000232
0000000203
0000000752
0000000207
0000000105
0000000132
0000000019
0000000262
0000000224
0000000881
0000000103
0000000890
0000000405
0000000438
0000000273
0000000528
0000000017
0000000789
0000000223
0000000616
0000000586
0000000341
0000000866
0000000105
0000000069
0000000453
0000000474
0000000226
0000000329
0000000983
0000000305
0000000586
0000000245
0000000463
0000000128
0000000301
0000000189
0000000691
0000000848
0000000570
0000000413
0000000665
0000000796
0000000101
0000000304
0000000317
0000000085
0000000518
0000000166
0000000532
0000000165
0000000816
0000000723
0000000464
0000000601
0000000376
0000000026
0000000105
0000000682
0000000169
0000000106
0000000277
0000000043
0000000182
0000000045
0000000162
0000000070
0000000950
0000000084
0000000220
0000000177
0000000302
0000000666
0000000716
0000000766
0000000561
0000000258
0000000729
0000000971
0000000673
0000000326
0000000029
0000000505
0000000014
0000000312
0000000286
0000000259
0000000177
0000000225
0000000569
0000000708
0000000541
0000000040
0000000017
0000000426
0000000108
0000000965
0000000329
0000000919
0000000481
0000000263
0000000691
0000000865
0000000021
0000000248
0000000180
0000000352
0000000215
0000000432
0000000306
0000000724
0000000409
0000000172
0000000577
0000000804
0000000404
0000000207
0000000303
0000000457
0000000554
0000000110
0000000815
0000000029
0000000426
0000000039
0000000019
0000000483
0000000182
0000000376
0000000401
