0000000100
0000000032
0000000759
0000000111
0000000288
0000000013
0000000248
0000000317
0000000129
0000000017
0000000013
0000000274
0000000076
0000000016
0000000698
0000000138
0000000137
0000000171
0000000077
0000000255
0000000055
0000000031
0000000930
0000000864
0000000915
0000000093
0000000207
0000000414
0000000096
0000000142
0000000197
0000000105
0000000063
0000000044
0000000019
0000000030
0000000032
0000000466
0000000116
0000000045
0000000227
0000000648
0000000095
0000000954
0000000350
0000000048
0000000260
0000000079
0000000391
0000000019
0000000195
0000000299
0000000073
0000000128
0000000046
0000000138
0000000203
0000000666
0000000036
0000000019
0000000328
0000000043
0000000110
0000000179
0000000084
0000000255
0000000606
0000000137
0000000231
0000000035
0000000026
0000000080
0000000144
0000000152
0000000088
0000000338
0000000529
0000000245
0000000036
0000000677
0000000883
0000000990
0000000668
0000000978
