0000000106
0000000015
0000000437
0000000696
0000000739
0000000274
0000000217
0000000340
0000000296
0000000262
0000000204
0000000036
0000000161
0000000396
0000000660
0000000076
0000000071
0000000160
0000000029
0000000090
0000000367
0000000078
0000000247
0000000961
0000000281
0000000746
0000000342
0000000715
0000000453
0000000119
0000000177
0000000174
0000000216
0000000150
0000000259
0000000639
0000000417
0000000613
0000000202
0000000091
0000000893
0000000163
0000000117
0000000306
0000000398
0000000314
0000000376
0000000209
0000000322
0000000046
0000000497
0000000494
0000000183
0000000590
0000000115
0000000095
0000000262
0000000108
0000000035
0000000275
0000000198
0000000883
0000000171
0000000270
0000000120
0000000104
0000000799
0000000112
0000000062
0000000089
0000000128
0000000115
0000000281
0000000141
0000000879
0000000562
0000000467
0000000218
0000000049
0000000203
0000000521
0000000078
0000000452
0000000372
0000000101
0000000933
0000000100
0000000153
0000000044
0000000139
0000000120
0000000026
0000000045
0000000404
0000000922
0000000060
0000000289
0000000225
0000000044
0000000023
0000000692
0000000219
0000000143
0000000542
0000000245
0000000031
0000000270
0000000042
0000000023
0000000552
0000000469
0000000296
0000000203
0000000307
0000000038
0000000031
0000000140
0000000127
0000000337
0000000762
0000000798
0000000059
0000000063
0000000824
0000000221
0000000424
0000000794
0000000408
0000000084
0000000396
0000000806
0000000255
0000000929
0000000470
0000000725
0000000602
0000000446
0000000092
0000000406
0000000182
0000000081
0000000292
0000000093
0000000694
0000000225
0000000065
0000000100
0000000013
0000000286
0000000567
0000000900
0000000864
0000000068
0000000629
0000000095
0000000518
0000000136
0000000043
0000000918
0000000289
0000000134
0000000074
0000000113
0000000779
0000000913
0000000351
0000000509
0000000622
0000000366
0000000457
0000000610
0000000268
0000000126
0000000238
0000000233
0000000115
0000000017
0000000253
0000000226
0000000311
0000000885
0000000148
0000000307
0000000543
0000000063
0000000566
0000000290
0000000220
0000000070
0000000255
0000000139
0000000195
0000000146
0000000050
0000000689
0000000303
0000000044
0000000600
0000000066
0000000455
0000000305
0000000164
0000000432
0000000200
0000000659
0000000680
0000000811
0000000407
0000000486
0000000133
0000000596
0000000054
0000000818
0000000170
0000000503
0000000087
0000000115
0000000053
0000000176
0000000057
0000000350
0000000127
0000000017
0000000038
0000000405
0000000747
0000000103
0000000046
0000000143
0000000112
0000000221
0000000405
0000000055
0000000085
0000000049
0000000047
0000000549
0000000148
0000000165
0000000051
0000000242
0000000230
0000000078
0000000014
0000000138
0000000063
0000000068
0000000283
0000000307
0000000174
0000000078
0000000384
0000000421
0000000212
0000000913
0000000693
0000000095
0000000094
0000000117
0000000039
0000000071
0000000316
0000000857
0000000305
0000000114
0000000123
0000000207
0000000382
0000000078
0000000138
0000000149
0000000042
0000000135
0000000181
0000000061
0000000277
0000000218
0000000148
0000000256
0000000016
0000000317
0000000046
0000000014
0000000146
0000000306
0000000074
0000000222
0000000127
0000000075
0000000068
0000000019
0000000023
0000000579
0000000210
0000000187
0000000136
0000000106
0000000332
0000000286
0000000323
0000000133
0000000056
0000000218
0000000063
0000000247
0000000471
0000000034
0000000342
0000000037
0000000567
0000000303
0000000053
0000000593
0000000860
0000000933
0000000328
0000000134
0000000551
0000000033
0000000118
0000000988
0000000807
0000000873
0000000792
0000000735
0000000044
0000000137
0000000475
0000000500
0000000518
0000000540
0000000505
0000000735
0000000714
0000000731
0000000823
0000000775
0000000486
0000000734
0000000992
0000000696
0000000637
0000000991
0000000241
0000000917
0000000279
0000000520
0000000976
0000000652
0000000232
0000000648
0000000629
0000000696
0000000189
0000000619
0000000194
0000000801
0000000477
0000000638
0000000706
0000000106
0000000788
0000000813
0000000144
0000000952
0000000041
0000000904
0000000035
0000000955
0000000604
0000000613
0000000726
0000000663
0000000279
0000000739
0000000874
0000000787
0000000588
0000000646
0000000458
0000000610
0000000592
0000000596
0000000538
0000000620
0000000808
0000000622
0000000658
0000000597
0000000549
0000000567
0000000522
0000000528
0000000885
0000000686
0000000934
0000000914
0000000189
0000000460
0000000016
0000000220
0000000720
0000000666
0000000700
0000000090
0000000245
0000000537
0000000557
0000000635
0000000655
0000000094
0000000442
0000000462
0000000578
0000000832
0000000153
0000000956
0000000899
0000000509
0000000503
0000000502
0000000498
0000000526
0000000556
0000000280
0000000948
0000000977
0000000870
0000000071
0000000736
0000000835
0000000556
0000000632
0000000684
0000000693
0000000630
0000000698
0000000857
0000000935
0000000560
0000000580
0000000014
0000000611
0000000501
0000000754
0000000324
0000000415
0000000050
0000000138
0000000336
0000000056
0000000780
0000000634
0000000665
0000000068
0000000088
0000000330
0000000473
0000000488
0000000533
0000000159
0000000605
0000000474
0000000496
0000000255
0000000769
0000000048
0000000842
0000000836
0000000750
0000000693
0000000701
0000000553
0000000760
0000000196
0000000642
0000000749
0000000735
0000000909
0000000018
0000000081
0000000567
0000000570
0000000670
0000000289
0000000093
0000000197
0000000341
0000000046
0000000462
0000000127
0000000407
0000000089
0000000301
0000000089
0000000255
0000000686
0000000102
0000000092
0000000020
0000000183
0000000094
0000000052
0000000019
0000000238
0000000018
0000000167
0000000216
0000000063
0000000065
0000000119
0000000096
0000000090
0000000108
0000000169
0000000463
0000000781
0000000114
0000000410
0000000115
0000000748
0000000980
0000000962
0000000964
0000000811
0000000027
0000000018
0000000599
0000000818
0000000843
0000000837
0000000449
0000000536
0000000531
0000000606
0000000628
0000000316
0000000552
0000000745
0000000780
0000000377
0000000689
0000000040
0000000059
0000000722
0000000584
0000000757
0000000715
0000000586
0000000710
0000000616
0000000028
0000000029
0000000843
0000000765
0000000645
0000000681
0000000176
0000000319
0000000568
0000000550
0000000600
0000000756
0000000896
0000000541
0000000626
0000000631
0000000155
0000000464
0000000504
0000000159
0000000422
0000000939
0000000578
0000000662
0000000602
0000000730
0000000544
0000000136
0000000597
0000000414
0000000831
0000000869
0000000686
0000000752
0000000316
0000000905
0000000914
0000000046
0000000901
0000000418
0000000475
0000000460
0000000215
0000000666
0000000172
0000000043
0000000138
0000000016
0000000196
0000000028
0000000152
0000000026
0000000229
0000000023
0000000077
0000000341
0000000347
0000000226
0000000137
0000000020
0000000086
0000000140
0000000037
0000000126
0000000031
0000000060
0000000527
0000000047
0000000024
0000000016
0000000065
0000000185
0000000070
0000000345
0000000042
0000000094
0000000071
0000000199
0000000194
0000000085
0000000078
0000000375
0000000476
0000000142
0000000165
0000000025
0000000254
0000000099
0000000026
0000000042
0000000018
0000000228
0000000427
0000000328
0000000678
0000000685
0000000078
0000000474
0000000112
0000000078
0000000196
0000000100
0000000124
0000000098
0000000493
0000000027
0000000271
0000000132
0000000413
0000000061
0000000174
0000000036
0000000553
0000000314
0000000809
0000000546
0000000676
0000000296
0000000037
0000000104
0000000122
0000000978
0000000521
0000000108
0000000126
0000000254
0000000137
0000000855
0000000424
0000000111
0000000286
0000000022
0000000234
0000000124
0000000866
0000000215
0000000023
0000000103
0000000379
0000000024
0000000222
0000000965
0000000543
0000000198
0000000101
0000000454
0000000078
0000000492
0000000278
0000000651
0000000456
0000000120
0000000913
0000000513
0000000255
0000000068
0000000106
0000000080
0000000016
0000000177
0000000150
0000000882
0000000133
0000000331
0000000591
0000000592
0000000697
0000000548
0000000667
0000000635
0000000722
0000000377
0000000025
0000000052
0000000172
0000000083
0000000017
0000000086
0000000270
0000000021
0000000266
0000000039
0000000127
0000000275
0000000111
0000000053
0000000241
0000000014
0000000327
0000000223
0000000154
0000000041
0000000176
0000000015
0000000303
0000000093
0000000041
0000000132
0000000179
0000000105
0000000276
0000000616
0000000598
0000000085
0000000700
0000000461
0000000127
0000000076
0000000115
0000000941
0000000222
0000000016
0000000096
0000000573
0000000100
0000000943
0000000077
0000000449
0000000071
0000000201
0000000094
0000000068
0000000277
0000000865
0000000362
0000000163
0000000086
0000000169
0000000086
0000000325
0000000164
0000000090
0000000109
0000000282
0000000692
0000000149
0000000030
0000000326
0000000155
0000000208
0000000309
0000000031
0000000302
0000000070
