0000000193
0000000026
0000000058
0000000474
0000000015
0000000487
0000000431
0000000985
0000000438
0000000039
0000000194
0000000369
0000000578
0000000122
0000000192
0000000049
0000000214
0000000025
0000000201
0000000741
0000000639
0000000036
0000000964
0000000100
0000000317
0000000544
0000000034
0000000385
0000000202
0000000212
0000000693
0000000105
0000000333
0000000050
0000000149
0000000291
0000000048
0000000191
0000000115
0000000092
0000000015
0000000150
0000000750
0000000154
0000000111
0000000054
0000000113
0000000440
0000000857
0000000053
0000000295
0000000297
0000000421
0000000822
0000000119
0000000135
0000000181
0000000191
0000000354
0000000124
0000000659
0000000384
0000000080
0000000036
0000000680
0000000676
0000000591
0000000618
0000000726
0000000570
0000000226
0000000276
0000000108
0000000209
0000000153
0000000199
0000000190
0000000040
0000000403
0000000293
0000000209
0000000191
0000000748
0000000342
0000000407
0000000137
0000000232
0000000157
0000000021
0000000432
0000000096
0000000230
0000000308
0000000046
0000000137
0000000122
0000000060
0000000074
0000000098
0000000070
0000000040
0000000019
0000000063
0000000028
0000000086
0000000118
0000000024
0000000062
0000000321
0000000052
0000000194
0000000034
0000000214
0000000038
0000000084
0000000043
0000000295
0000000129
0000000137
0000000077
0000000034
0000000014
0000000035
0000000582
0000000352
0000000196
0000000476
0000000019
0000000036
0000000640
0000000245
0000000110
0000000403
0000000244
0000000192
0000000015
0000000228
0000000080
0000000089
0000000505
0000000845
0000000111
0000000250
0000000294
0000000015
0000000020
0000000160
0000000063
0000000014
0000000081
0000000197
0000000057
0000000095
0000000141
0000000390
0000000622
0000000443
0000000294
0000000225
0000000064
0000000052
0000000034
0000000221
0000000537
0000000043
0000000612
0000000480
0000000542
0000000504
0000000994
0000000137
0000000356
0000000046
0000000267
0000000840
0000000028
0000000855
0000000929
0000000047
0000000028
0000000164
0000000991
0000000039
0000000117
0000000015
0000000559
0000000100
0000000175
0000000082
0000000074
0000000228
0000000861
0000000432
0000000510
0000000422
0000000026
0000000087
0000000089
0000000044
0000000013
0000000066
0000000322
0000000238
0000000068
0000000109
0000000046
0000000229
0000000023
0000000026
0000000048
0000000371
0000000065
0000000142
0000000143
0000000525
0000000016
0000000234
0000000179
0000000980
0000000053
0000000063
0000000370
0000000254
0000000758
0000000092
0000000165
0000000210
0000000524
0000000544
0000000187
0000000661
0000000192
0000000162
0000000472
0000000970
0000000381
0000000306
0000000317
0000000100
0000000198
0000000104
0000000154
0000000112
0000000338
0000000105
0000000084
0000000217
0000000033
0000000084
0000000400
0000000392
0000000406
0000000132
0000000263
0000000024
0000000269
0000000107
0000000640
0000000201
0000000475
0000000093
0000000950
0000000013
0000000031
0000000122
0000000033
0000000085
0000000972
0000000093
0000000610
0000000134
0000000204
0000000029
0000000379
0000000045
0000000026
0000000105
0000000163
0000000783
0000000048
0000000815
0000000103
0000000542
0000000071
0000000476
0000000349
0000000926
0000000350
0000000038
0000000688
0000000134
0000000096
0000000187
0000000212
0000000117
0000000207
0000000571
0000000517
0000000016
0000000247
0000000122
0000000066
0000000102
0000000149
0000000110
0000000024
0000000068
0000000984
0000000038
0000000108
0000000091
0000000014
0000000019
0000000297
0000000053
0000000140
0000000046
0000000052
0000000087
0000000244
0000000035
0000000068
0000000204
0000000014
0000000272
0000000261
0000000641
0000000139
0000000044
0000000265
0000000177
0000000145
0000000170
0000000089
0000000019
0000000074
0000000143
0000000179
0000000077
0000000432
0000000173
0000000149
0000000206
0000000159
0000000241
0000000028
0000000066
0000000511
0000000018
0000000194
0000000064
0000000072
0000000076
0000000158
0000000013
0000000399
0000000167
0000000905
0000000325
0000000124
0000000526
0000000094
0000000127
0000000321
0000000053
0000000377
0000000711
0000000208
0000000794
0000000239
0000000074
0000000725
0000000271
0000000039
0000000016
0000000029
0000000144
0000000083
0000000032
0000000044
0000000240
0000000014
0000000051
0000000209
0000000358
0000000163
0000000092
0000000151
0000000363
0000000274
0000000082
0000000154
0000000079
0000000204
0000000061
0000000392
0000000072
0000000619
0000000068
0000000311
0000000059
0000000168
0000000417
0000000514
0000000057
0000000345
0000000132
0000000340
0000000027
0000000015
0000000063
0000000071
0000000130
0000000529
0000000349
0000000393
0000000086
0000000117
0000000181
0000000064
0000000040
0000000119
0000000111
0000000179
0000000324
0000000037
0000000034
0000000185
0000000026
0000000187
0000000086
0000000110
0000000151
0000000086
0000000089
0000000061
0000000085
0000000017
0000000039
0000000021
0000000436
0000000042
0000000167
0000000196
0000000054
0000000218
0000000035
0000000122
0000000128
0000000147
0000000120
0000000107
0000000233
0000000189
0000000177
0000000089
0000000044
0000000225
0000000248
0000000081
0000000222
0000000050
0000000181
0000000117
0000000031
0000000070
0000000019
0000000142
0000000082
0000000063
0000000310
0000000169
0000000054
0000000065
0000000087
0000000021
0000000316
0000000039
0000000304
0000000394
0000000710
0000000016
0000000255
0000000053
0000000033
0000000239
0000000289
0000000292
0000000150
0000000027
0000000167
0000000347
0000000252
0000000196
0000000142
0000000074
0000000057
0000000306
0000000092
0000000037
0000000165
0000000986
0000000185
0000000078
0000000077
0000000015
0000000337
0000000018
0000000156
0000000323
0000000299
0000000123
0000000089
0000000145
0000000092
0000000064
0000000074
0000000065
0000000068
0000000357
0000000320
0000000024
0000000064
0000000179
0000000113
0000000034
0000000177
0000000842
0000000088
0000000877
0000000015
0000000246
0000000603
0000000140
0000000491
0000000514
0000000073
0000000248
0000000021
0000000066
0000000197
0000000070
0000000109
0000000044
0000000426
0000000076
0000000042
0000000182
0000000200
0000000046
0000000887
0000000092
0000000035
0000000187
0000000283
0000000904
0000000016
0000000229
0000000491
0000000675
0000000063
0000000309
0000000749
0000000830
0000000068
0000000309
0000000268
0000000019
0000000680
0000000185
0000000479
0000000071
0000000367
0000000039
0000000158
0000000315
0000000015
0000000320
0000000271
0000000032
0000000178
0000000086
0000000024
0000000041
0000000152
0000000137
0000000087
0000000042
0000000528
0000000624
0000000174
0000000104
0000000016
0000000761
0000000234
0000000264
0000000258
0000000023
0000000310
0000000087
0000000336
0000000176
0000000081
0000000145
0000000260
0000000641
0000000258
0000000033
0000000660
0000000145
0000000347
0000000037
0000000448
0000000171
0000000730
0000000285
0000000051
0000000176
0000000179
0000000059
0000000126
0000000920
0000000077
0000000630
0000000365
0000000029
0000000184
0000000113
0000000185
0000000527
0000000036
0000000107
0000000891
0000000510
0000000038
0000000194
0000000016
0000000594
0000000028
0000000551
0000000764
0000000830
0000000130
0000000466
0000000134
0000000280
0000000461
0000000057
0000000634
0000000974
0000000233
0000000064
0000000346
0000000055
0000000270
0000000244
0000000475
0000000824
0000000745
0000000480
0000000393
0000000947
0000000169
0000000233
0000000069
0000000215
0000000040
0000000697
0000000333
0000000231
0000000173
0000000983
0000000139
0000000096
0000000199
0000000055
0000000268
0000000656
