0000000063
0000000770
0000000424
0000000197
0000000025
0000000034
0000000202
0000000019
0000000337
0000000025
0000000060
0000000750
0000000068
0000000119
0000000354
0000000025
0000000260
0000000295
0000000103
0000000221
0000000322
0000000501
0000000167
0000000082
0000000266
0000000375
0000000541
0000000027
0000000288
0000000074
0000000069
0000000226
0000000709
0000000262
0000000336
0000000038
0000000127
0000000244
0000000023
0000000034
0000000442
0000000288
0000000331
0000000015
0000000118
0000000286
0000000455
0000000357
0000000145
0000000083
0000000095
0000000179
0000000476
0000000123
0000000056
0000000223
0000000033
0000000025
0000000041
0000000282
0000000855
0000000242
0000000068
0000000015
0000000015
0000000149
0000000077
0000000199
0000000340
0000000040
0000000429
0000000128
0000000046
0000000066
0000000191
0000000098
0000000358
0000000070
0000000153
0000000181
0000000170
0000000126
0000000049
0000000426
0000000060
0000000206
0000000080
0000000185
0000000039
0000000115
0000000231
0000000108
0000000015
0000000237
0000000091
0000000096
0000000193
0000000014
0000000192
0000000426
0000000270
0000000138
0000000106
0000000626
0000000262
0000000050
0000000316
0000000021
0000000167
0000000017
0000000148
0000000452
0000000581
0000000196
0000000231
0000000630
0000000215
0000000119
0000000277
0000000044
0000000328
0000000137
0000000179
0000000121
0000000069
0000000049
0000000126
0000000103
0000000234
0000000040
0000000156
0000000016
0000000222
0000000422
0000000065
0000000512
0000000414
0000000085
0000000093
0000000016
0000000226
0000000068
0000000251
0000000596
0000000103
0000000185
0000000025
0000000402
0000000065
0000000813
0000000357
0000000207
0000000218
0000000258
0000000229
0000000126
0000000033
0000000610
0000000058
0000000160
0000000015
0000000021
0000000263
0000000667
0000000272
0000000619
0000000747
0000000146
0000000201
0000000016
0000000191
0000000148
0000000077
0000000957
0000000833
0000000039
0000000078
0000000458
0000000646
0000000935
0000000080
0000000125
0000000040
0000000605
0000000870
0000000177
0000000129
0000000085
0000000177
0000000038
0000000681
0000000103
0000000073
0000000161
0000000068
0000000019
0000000266
0000000296
0000000064
0000000096
0000000172
0000000016
0000000074
0000000028
0000000285
0000000101
0000000031
0000000836
0000000178
0000000050
0000000317
0000000037
0000000091
0000000089
0000000109
0000000092
0000000064
0000000785
0000000352
0000000598
0000000491
0000000271
0000000142
0000000045
0000000037
0000000177
0000000050
0000000053
0000000066
0000000108
0000000135
0000000154
0000000076
0000000049
0000000348
0000000943
0000000216
0000000153
0000000177
0000000623
0000000201
0000000063
0000000967
0000000419
0000000270
0000000049
0000000087
0000000180
0000000215
0000000631
0000000287
0000000328
0000000202
0000000047
0000000015
0000000030
0000000267
0000000168
0000000565
0000000121
0000000535
0000000349
0000000095
0000000115
0000000064
0000000094
0000000143
0000000087
0000000023
0000000298
0000000083
0000000179
0000000028
0000000591
0000000435
0000000490
0000000191
0000000387
0000000022
0000000213
0000000059
0000000476
0000000244
0000000093
0000000549
0000000068
0000000221
0000000219
0000000073
0000000108
0000000066
0000000306
0000000256
0000000111
0000000020
0000000123
0000000554
0000000067
0000000022
0000000168
0000000429
0000000262
0000000343
0000000520
0000000082
0000000109
0000000107
0000000037
0000000600
0000000881
0000000687
0000000014
0000000162
0000000830
0000000585
0000000194
0000000104
0000000161
0000000229
0000000599
0000000129
0000000213
0000000399
0000000098
0000000384
0000000036
0000000262
0000000086
0000000274
0000000095
0000000661
0000000209
0000000141
0000000138
0000000909
0000000497
0000000228
0000000815
0000000801
0000000016
0000000375
0000000183
0000000337
0000000269
0000000611
0000000182
0000000374
0000000292
0000000461
0000000046
0000000214
0000000026
0000000117
0000000074
0000000107
0000000072
0000000352
0000000141
0000000128
0000000141
0000000021
0000000045
0000000716
0000000220
0000000017
0000000786
0000000111
0000000628
0000000162
0000000933
0000000131
0000000544
0000000317
0000000065
0000000271
0000000914
0000000187
0000000770
0000000769
0000000271
0000000034
0000000191
0000000592
0000000962
0000000141
0000000319
0000000035
0000000086
0000000071
0000000245
0000000110
0000000016
0000000591
0000000288
0000000035
0000000816
0000000941
0000000288
0000000417
0000000150
0000000223
0000000374
0000000159
0000000610
0000000651
0000000014
0000000016
0000000495
0000000606
0000000183
0000000571
0000000025
0000000395
0000000646
0000000553
0000000201
0000000707
0000000540
0000000126
0000000829
0000000366
0000000980
0000000015
0000000180
0000000057
0000000229
0000000113
0000000225
0000000014
0000000054
0000000171
0000000532
0000000022
0000000022
0000000962
0000000369
0000000013
0000000322
0000000915
0000000467
0000000372
0000000205
0000000094
0000000195
0000000088
0000000128
0000000114
0000000367
0000000125
0000000543
0000000110
0000000463
0000000025
0000000258
0000000877
0000000937
0000000715
0000000924
0000000187
0000000537
0000000243
0000000485
0000000171
0000000384
0000000575
0000000702
0000000596
0000000063
0000000274
0000000553
0000000639
0000000400
0000000718
0000000469
0000000449
0000000387
0000000216
0000000344
0000000049
0000000561
0000000403
0000000740
0000000373
0000000052
0000000489
0000000676
0000000155
0000000831
0000000260
0000000036
0000000098
0000000970
0000000713
0000000056
0000000193
0000000929
0000000263
0000000175
0000000421
0000000982
0000000041
0000000084
0000000963
0000000870
0000000297
0000000051
0000000436
0000000175
0000000377
0000000045
0000000891
0000000588
0000000459
0000000868
0000000995
0000000015
0000000505
0000000066
0000000026
0000000030
0000000397
0000000016
0000000586
0000000040
0000000178
0000000091
0000000770
0000000468
0000000686
0000000091
0000000980
0000000890
0000000080
0000000045
0000000062
0000000109
0000000291
0000000475
0000000074
0000000435
0000000066
0000000079
0000000731
0000000196
0000000163
0000000127
0000000811
0000000360
0000000512
0000000178
0000000121
0000000100
0000000129
0000000471
0000000104
0000000318
0000000838
0000000296
0000000262
0000000805
0000000132
0000000027
0000000761
0000000085
0000000501
0000000294
0000000887
0000000109
0000000373
0000000177
0000000869
0000000329
0000000567
0000000243
0000000019
0000000452
0000000157
0000000212
0000000474
0000000250
0000000399
0000000996
0000000330
0000000333
0000000597
0000000906
0000000322
0000000214
0000000554
0000000208
0000000129
0000000280
0000000860
0000000573
0000000308
0000000064
0000000057
0000000112
0000000263
0000000097
0000000981
0000000287
0000000198
0000000015
0000000972
0000000216
0000000953
0000000909
0000000821
0000000355
0000000129
0000000036
0000000433
0000000624
0000000743
0000000554
0000000031
0000000059
0000000342
0000000094
0000000086
0000000147
0000000069
0000000065
0000000069
0000000199
0000000194
0000000039
0000000712
0000000156
0000000744
0000000074
0000000818
0000000761
0000000583
0000000581
0000000786
0000000300
0000000696
0000000021
0000000048
0000000255
0000000877
0000000261
0000000722
0000000448
0000000970
0000000273
0000000038
0000000589
0000000081
0000000234
0000000106
0000000887
0000000561
0000000998
0000000686
0000000335
0000000765
0000000329
0000000114
0000000449
0000000545
0000000113
0000000782
0000000926
0000000255
0000000138
0000000375
0000000053
0000000932
0000000074
0000000783
0000000189
0000000834
0000000230
0000000745
0000000200
0000000349
0000000185
0000000162
0000000256
0000000924
0000000421
0000000378
0000000316
0000000220
0000000742
0000000316
0000000081
0000000392
0000000746
0000000203
0000000296
0000000102
0000000128
0000000825
0000000095
0000000092
0000000955
0000000071
0000000225
0000000032
0000000860
0000000137
0000000018
0000000047
0000000015
0000000060
0000000681
0000000015
0000000045
0000000713
0000000019
0000000610
0000000318
0000000967
0000000292
0000000751
0000000495
0000000685
0000000438
0000000196
0000000459
0000000103
0000000307
0000000090
0000000282
0000000071
0000000087
0000000284
0000000201
0000000084
0000000095
0000000156
0000000899
0000000357
0000000540
0000000377
0000000855
0000000026
0000000272
0000000089
0000000134
0000000137
0000000089
0000000622
0000000034
0000000282
0000000192
0000000893
0000000914
0000000055
0000000080
0000000090
0000000357
0000000154
0000000048
0000000610
0000000273
0000000020
0000000958
0000000344
0000000225
0000000281
0000000211
0000000050
0000000222
0000000118
0000000065
0000000053
0000000639
0000000016
0000000156
0000000860
0000000068
0000000217
0000000237
0000000266
0000000734
0000000603
0000000968
0000000417
0000000513
0000000532
0000000557
0000000679
0000000359
0000000701
0000000659
0000000620
0000000758
0000000472
0000000016
0000000173
0000000749
0000000846
0000000037
0000000697
0000000631
0000000622
0000000045
0000000074
0000000469
0000000290
0000000036
0000000538
0000000144
0000000359
0000000235
0000000061
0000000016
0000000023
0000000130
0000000219
0000000049
0000000926
0000000272
0000000088
0000000306
0000000252
0000000912
0000000255
0000000174
0000000163
0000000087
0000000519
0000000218
0000000259
0000000876
0000000082
0000000202
0000000177
0000000575
0000000980
0000000180
0000000100
0000000141
0000000443
0000000727
0000000721
0000000261
0000000153
0000000231
0000000043
0000000585
0000000815
0000000088
0000000047
0000000264
0000000464
0000000165
0000000104
0000000325
0000000626
0000000050
0000000184
0000000290
0000000160
0000000021
0000000146
0000000202
0000000372
0000000857
0000000111
0000000874
0000000245
0000000146
0000000419
0000000205
0000000042
0000000086
0000000067
0000000089
0000000032
0000000236
0000000260
0000000077
0000000439
0000000484
0000000132
0000000152
0000000026
0000000038
0000000508
0000000450
0000000087
0000000056
0000000279
0000000177
0000000576
0000000536
0000000143
0000000194
0000000347
0000000165
0000000111
0000000735
0000000452
0000000284
0000000046
0000000908
0000000099
0000000596
0000000039
0000000158
0000000251
0000000440
0000000369
0000000207
0000000394
0000000694
0000000771
0000000101
0000000142
