0000000089
0000000077
0000000252
0000000297
0000000182
0000000240
0000000017
0000000178
0000000179
0000000050
0000000606
0000000496
0000000048
0000000046
0000000036
0000000056
0000000015
0000000281
0000000062
0000000218
0000000977
0000000968
0000000341
0000000096
0000000117
0000000107
0000000120
0000000140
0000000063
0000000944
0000000097
0000000226
0000000781
0000000217
0000000184
0000000047
0000000064
0000000078
0000000097
0000000192
0000000031
0000000074
0000000098
0000000096
0000000072
0000000301
0000000526
0000000029
0000000045
0000000096
0000000104
0000000066
0000000015
0000000191
0000000077
0000000212
0000000088
0000000083
0000000311
0000000476
0000000472
0000000223
0000000031
0000000235
0000000059
0000000018
0000000237
0000000045
0000000167
0000000069
0000000040
0000000074
0000000056
0000000051
0000000069
0000000301
0000000136
0000000053
0000000206
0000000295
0000000071
0000000080
0000000399
0000000287
0000000360
0000000093
0000000848
0000000134
0000000186
0000000015
0000000049
0000000043
0000000041
0000000282
0000000154
0000000305
0000000068
0000000567
0000000356
0000000484
0000000098
0000000066
0000000092
0000000233
0000000034
0000000035
0000000307
0000000017
0000000486
0000000054
0000000558
0000000045
0000000114
0000000030
0000000058
0000000280
0000000023
0000000176
0000000024
0000000212
0000000411
0000000102
0000000017
0000000034
0000000303
0000000133
0000000216
0000000056
0000000599
0000000021
0000000041
0000000077
0000000291
0000000134
0000000142
0000000107
0000000149
0000000020
0000000050
0000000108
0000000025
0000000281
0000000050
0000000138
