0000000046
0000000080
0000000166
0000000130
0000000214
0000000446
0000000236
0000000186
0000000257
0000000417
0000000094
0000000880
0000000746
0000000233
0000000234
0000000598
0000000025
0000000413
0000000166
0000000016
0000000134
0000000198
0000000802
0000000061
0000000282
0000000029
0000000370
0000000029
0000000327
0000000450
0000000176
0000000401
0000000050
0000000155
0000000014
0000000194
0000000775
0000000413
0000000507
0000000122
0000000030
0000000094
0000000017
0000000084
0000000274
0000000099
0000000021
0000000028
0000000102
0000000250
0000000325
0000000392
0000000116
0000000880
0000000282
0000000808
0000000098
0000000129
0000000039
0000000049
0000000309
0000000016
0000000448
0000000027
0000000044
0000000109
0000000865
0000000173
0000000156
0000000787
0000000346
0000000073
0000000135
0000000452
0000000057
0000000259
0000000036
0000000218
0000000320
0000000601
0000000524
0000000259
0000000337
0000000270
0000000016
0000000063
0000000123
0000000223
0000000049
0000000204
0000000077
0000000360
0000000599
0000000224
0000000061
0000000154
0000000170
0000000067
0000000215
0000000557
0000000041
0000000067
0000000298
0000000041
0000000042
0000000126
0000000052
0000000234
0000000134
0000000067
0000000218
0000000022
0000000083
0000000027
0000000923
0000000309
0000000933
0000000256
0000000346
0000000111
0000000301
0000000486
0000000204
0000000106
0000000026
0000000224
0000000341
0000000191
0000000334
0000000390
0000000819
0000000126
0000000302
0000000028
0000000363
0000000081
0000000428
0000000025
0000000438
0000000143
0000000693
0000000197
0000000560
0000000360
0000000318
0000000227
0000000046
0000000142
0000000026
0000000016
0000000214
0000000178
0000000396
0000000057
0000000526
0000000907
0000000834
0000000891
0000000272
0000000074
0000000141
0000000162
0000000917
0000000186
0000000253
0000000894
0000000070
0000000157
0000000141
0000000128
0000000197
0000000058
0000000891
0000000077
0000000541
0000000687
0000000056
0000000381
0000000597
0000000048
0000000368
0000000246
0000000954
0000000352
0000000156
0000000064
0000000821
0000000339
0000000209
0000000273
0000000071
0000000068
0000000311
0000000304
0000000089
0000000179
0000000133
0000000095
0000000344
0000000187
0000000035
0000000159
0000000067
0000000170
0000000716
0000000052
0000000086
0000000092
0000000095
0000000240
0000000127
0000000053
0000000206
0000000193
0000000075
0000000277
0000000314
0000000988
0000000393
0000000056
0000000135
0000000032
0000000087
0000000169
0000000096
0000000191
0000000052
0000000243
0000000122
0000000046
0000000139
0000000236
0000000110
0000000422
0000000167
0000000223
0000000041
0000000162
0000000147
0000000455
0000000016
0000000027
0000000080
0000000740
0000000885
0000000067
0000000538
0000000939
0000000218
0000000018
0000000070
0000000167
0000000015
0000000015
0000000985
0000000014
0000000545
0000000993
0000000015
0000000554
0000000631
0000000093
0000000307
0000000085
0000000076
0000000050
0000000130
0000000044
0000000196
0000000331
0000000141
0000000118
0000000032
0000000787
0000000334
0000000332
0000000138
0000000216
0000000115
0000000025
0000000343
0000000557
0000000272
0000000097
0000000229
0000000102
0000000113
0000000076
0000000859
0000000126
0000000321
0000000074
0000000156
0000000044
0000000089
0000000340
0000000081
0000000045
0000000398
0000000104
0000000223
0000000173
0000000239
0000000981
0000000028
0000000064
0000000069
0000000084
0000000565
0000000074
0000000257
0000000024
0000000194
0000000104
0000000100
0000000593
0000000094
0000000029
0000000152
0000000115
0000000153
0000000102
0000000328
0000000123
0000000111
0000000121
0000000112
0000000072
0000000119
0000000100
0000000169
0000000086
0000000052
0000000329
0000000270
0000000209
0000000250
0000000053
0000000181
0000000181
0000000169
0000000458
0000000514
0000000412
0000000225
0000000016
0000000075
0000000279
0000000057
0000000069
0000000617
0000000479
0000000041
0000000115
0000000056
0000000021
0000000125
0000000095
0000000135
0000000177
0000000225
0000000190
0000000128
0000000031
0000000626
0000000293
0000000114
0000000158
0000000199
0000000217
0000000339
0000000036
0000000266
0000000358
0000000282
0000000110
0000000081
0000000228
0000000167
0000000779
0000000061
0000000157
0000000131
0000000076
0000000015
0000000282
0000000163
0000000065
0000000116
0000000459
0000000019
0000000032
0000000089
0000000157
0000000172
0000000059
0000000483
0000000034
0000000060
0000000025
0000000057
0000000058
0000000051
0000000055
0000000257
0000000044
0000000097
0000000072
0000000162
0000000110
0000000268
0000000849
0000000032
0000000166
0000000044
0000000310
0000000184
0000000242
0000000334
0000000085
0000000079
0000000080
0000000180
0000000135
0000000213
0000000301
0000000020
0000000053
0000000125
0000000498
0000000154
0000000375
0000000287
0000000189
0000000015
0000000563
0000000023
0000000050
0000000792
0000000067
0000000615
0000000152
0000000973
0000000220
0000000829
0000000033
0000000809
0000000374
0000000177
0000000188
0000000038
0000000284
0000000119
0000000198
0000000070
0000000076
0000000211
0000000137
0000000188
0000000052
0000000025
0000000156
0000000190
0000000080
0000000040
0000000154
0000000156
0000000062
0000000157
0000000154
0000000160
0000000086
0000000134
0000000496
0000000047
0000000490
0000000194
0000000741
0000000070
0000000307
0000000043
0000000228
0000000228
0000000233
0000000176
0000000233
0000000059
0000000640
0000000042
0000000430
0000000453
0000000948
0000000303
0000000863
0000000037
0000000212
0000000399
0000000470
0000000191
0000000101
0000000104
0000000036
0000000097
0000000520
0000000506
0000000508
0000000101
0000000671
0000000470
0000000582
0000000198
0000000382
0000000214
0000000754
0000000959
0000000230
0000000373
0000000032
0000000989
0000000115
0000000801
0000000091
0000000226
0000000553
0000000583
0000000765
0000000081
0000000029
0000000442
0000000145
0000000070
0000000051
0000000248
0000000120
0000000207
0000000257
0000000023
0000000297
0000000100
0000000147
0000000035
0000000017
0000000021
0000000340
0000000133
0000000390
0000000205
0000000419
0000000423
0000000225
0000000020
0000000080
0000000318
0000000097
0000000211
0000000298
0000000162
0000000053
0000000117
0000000019
0000000228
0000000115
0000000079
0000000146
0000000849
0000000667
0000000636
0000000272
0000000141
0000000930
0000000958
0000000279
0000000358
0000000038
0000000377
0000000189
0000000014
0000000136
0000000112
0000000469
0000000535
0000000203
0000000426
0000000029
0000000727
0000000286
0000000828
0000000025
0000000250
0000000178
0000000119
