0000000044
0000000019
0000000044
0000000045
0000000062
0000000566
0000000472
0000000158
0000000217
0000000100
0000000219
0000000144
0000000256
0000000111
0000000134
0000000882
0000000031
0000000073
0000000782
0000000166
0000000892
0000000047
0000000687
0000000088
0000000187
0000000047
0000000033
0000000274
0000000109
0000000024
0000000181
0000000624
0000000143
0000000933
0000000079
0000000757
0000000154
0000000133
0000000107
0000000102
0000000902
0000000025
0000000105
0000000060
0000000233
0000000032
0000000018
0000000057
0000000347
0000000022
0000000216
0000000028
0000000573
0000000361
0000000053
0000000401
0000000051
0000000552
0000000022
0000000246
0000000552
0000000723
0000000087
0000000978
0000000017
0000000215
0000000712
0000000124
0000000539
0000000409
0000000411
0000000887
0000000730
0000000048
0000000680
0000000213
0000000351
0000000084
0000000335
0000000091
0000000100
0000000016
0000000017
0000000053
0000000195
0000000096
0000000858
0000000094
0000000058
0000000036
0000000052
0000000115
0000000075
0000000195
0000000371
0000000718
0000000086
0000000136
0000000241
0000000156
0000000258
0000000084
0000000494
0000000246
0000000171
0000000592
0000000067
0000000070
0000000111
0000000307
0000000035
0000000058
0000000159
0000000179
0000000252
0000000489
0000000155
0000000086
0000000366
0000000133
0000000115
0000000539
0000000052
0000000503
0000000122
0000000249
0000000328
0000000127
0000000057
0000000086
0000000199
0000000961
0000000140
0000000246
0000000844
0000000688
0000000257
0000000040
0000000103
0000000167
0000000650
0000000041
0000000263
0000000034
0000000055
0000000016
0000000083
0000000042
0000000135
0000000518
0000000022
0000000210
0000000075
0000000014
0000000184
0000000253
0000000120
0000000024
0000000052
0000000039
0000000832
0000000136
0000000064
0000000648
0000000059
0000000114
0000000182
0000000050
0000000270
0000000102
0000000109
0000000046
0000000143
0000000251
0000000972
0000000430
0000000171
0000000123
0000000035
0000000046
0000000875
0000000306
0000000047
0000000585
0000000105
0000000938
0000000164
0000000257
