0000000866
0000000186
0000000308
0000000032
0000000269
0000000994
0000000115
0000000020
0000000038
0000000107
0000000067
0000000055
0000000235
0000000540
0000000198
0000000518
0000000208
0000000256
0000000090
0000000382
0000000031
0000000768
0000000187
0000000035
0000000581
0000000541
0000000434
0000000022
0000000086
0000000403
0000000111
0000000111
0000000081
0000000257
0000000307
0000000079
0000000332
0000000760
0000000844
0000000598
0000000521
0000000236
0000000015
0000000264
0000000413
0000000253
0000000417
0000000167
0000000062
0000000194
0000000130
0000000099
0000000109
0000000057
0000000359
0000000045
0000000024
0000000037
0000000398
0000000035
0000000036
0000000919
0000000754
0000000772
0000000461
0000000061
0000000015
0000000963
0000000332
0000000080
0000000366
0000000305
0000000961
0000000274
0000000035
0000000032
0000000075
0000000096
0000000383
0000000050
0000000014
0000000118
0000000223
0000000376
0000000446
0000000555
0000000143
0000000498
0000000392
0000000055
0000000140
0000000115
0000000060
0000000054
0000000870
0000000767
0000000517
0000000868
0000000494
0000000949
0000000183
0000000514
0000000054
0000000253
0000000153
0000000059
0000000058
0000000027
0000000027
0000000500
0000000039
0000000465
0000000360
0000000864
0000000595
0000000173
0000000147
0000000128
0000000198
0000000308
0000000285
0000000014
0000000144
0000000288
0000000082
0000000681
0000000394
0000000326
0000000059
0000000791
0000000043
0000000743
0000000216
0000000877
0000000177
0000000194
0000000206
0000000052
0000000246
0000000267
0000000024
0000000386
0000000053
0000000025
0000000138
0000000660
0000000027
0000000550
0000000147
0000000555
0000000212
0000000213
0000000673
0000000151
0000000146
0000000127
0000000154
0000000198
0000000540
0000000157
0000000167
0000000371
0000000119
0000000245
0000000090
0000000284
0000000228
0000000337
0000000825
0000000470
0000000791
0000000037
0000000422
0000000032
0000000420
0000000511
0000000520
0000000058
0000000022
0000000176
0000000607
0000000288
0000000101
0000000951
0000000085
0000000032
0000000098
0000000156
0000000072
0000000432
0000000095
0000000318
0000000016
0000000815
0000000272
0000000042
0000000676
0000000129
0000000438
0000000283
0000000144
0000000101
0000000518
0000000414
0000000139
0000000054
0000000079
0000000038
0000000452
0000000999
0000000255
0000000766
0000000608
0000000078
0000000052
0000000313
0000000110
0000000202
0000000230
0000000269
0000000378
0000000037
0000000027
0000000404
0000000130
0000000296
0000000061
0000000148
0000000279
0000000091
0000000015
0000000550
0000000072
0000000189
0000000066
0000000695
0000000125
0000000484
0000000209
0000000106
0000000071
0000000883
0000000050
0000000132
0000000042
0000000077
0000000051
0000000301
0000000191
0000000054
0000000247
0000000071
0000000084
0000000102
0000000371
0000000199
0000000586
0000000181
0000000228
0000000268
0000000016
0000000199
0000000094
0000000143
0000000695
0000000145
0000000093
0000000177
0000000201
0000000047
0000000125
0000000192
0000000230
0000000362
0000000453
0000000631
0000000031
0000000157
0000000141
0000000076
0000000180
0000000254
0000000155
0000000134
0000000198
0000000054
0000000015
0000000077
0000000075
0000000141
0000000523
0000000147
0000000381
0000000255
0000000067
0000000187
0000000164
0000000206
0000000091
0000000163
0000000327
0000000044
0000000066
0000000693
0000000146
0000000094
0000000018
0000000025
0000000393
0000000563
0000000174
0000000030
0000000058
0000000147
0000000379
0000000068
0000000956
0000000306
0000000017
0000000098
0000000069
0000000106
0000000031
0000000198
0000000317
0000000193
0000000382
0000000150
0000000014
0000000682
0000000015
0000000564
0000000688
0000000359
0000000870
0000000994
0000000069
0000000110
0000000042
0000000687
0000000103
0000000038
0000000562
0000000694
0000000048
0000000378
0000000179
0000000273
0000000055
0000000089
0000000695
0000000227
0000000971
0000000325
0000000016
0000000120
0000000140
0000000017
0000000677
0000000665
0000000724
0000000129
0000000031
0000000129
0000000135
0000000147
0000000023
0000000845
0000000085
0000000085
0000000240
0000000655
0000000029
0000000174
0000000562
0000000014
0000000084
0000000569
0000000099
0000000089
0000000039
0000000201
0000000973
0000000291
0000000064
0000000053
0000000098
0000000055
0000000138
0000000295
0000000117
0000000078
0000000034
0000000041
0000000218
0000000881
0000000979
0000000258
0000000065
0000000030
0000000555
0000000124
0000000037
0000000030
0000000030
0000000029
0000000047
0000000019
0000000664
0000000129
0000000161
0000000259
0000000565
0000000408
0000000084
0000000016
0000000422
0000000965
0000000597
0000000667
0000000119
0000000037
0000000023
0000000809
0000000583
0000000618
0000000687
0000000090
0000000966
0000000422
0000000608
0000000666
0000000016
0000000030
0000000139
0000000224
0000000308
0000000228
0000000248
0000000206
0000000145
0000000261
0000000327
0000000319
0000000121
0000000262
0000000170
0000000035
0000000043
0000000163
0000000273
0000000054
0000000045
0000000226
0000000115
0000000458
0000000028
0000000207
0000000059
0000000054
0000000055
0000000306
0000000182
0000000155
0000000203
0000000461
0000000356
0000000025
0000000092
0000000152
0000000447
0000000148
0000000072
0000000169
0000000915
0000000159
0000000028
0000000861
0000000028
0000000245
0000000233
0000000048
0000000116
0000000087
0000000038
0000000083
0000000055
0000000126
0000000092
0000000294
0000000053
0000000097
0000000161
0000000156
0000000023
0000000256
0000000054
0000000031
0000000066
0000000086
0000000045
0000000025
0000000196
0000000484
0000000322
0000000037
0000000747
0000000015
0000000486
0000000525
0000000032
0000000081
0000000135
0000000116
0000000133
0000000099
0000000211
0000000971
0000000054
0000000137
0000000331
0000000635
0000000749
0000000059
0000000222
0000000065
0000000018
0000000100
0000000038
0000000096
0000000695
0000000173
0000000067
0000000222
0000000096
0000000108
0000000082
0000000159
0000000614
0000000317
0000000027
0000000020
0000000105
0000000863
0000000186
0000000140
0000000274
0000000205
0000000076
0000000087
0000000177
0000000883
0000000116
0000000187
0000000063
0000000357
0000000083
0000000019
0000000342
0000000069
0000000471
0000000071
0000000112
0000000019
0000000143
0000000516
0000000131
0000000127
0000000099
0000000290
0000000227
0000000206
0000000116
0000000141
0000000039
0000000173
0000000040
0000000025
0000000575
0000000023
0000000834
0000000619
0000000031
0000000046
0000000066
0000000024
0000000192
0000000983
0000000016
0000000125
0000000731
0000000514
0000000331
0000000413
0000000057
0000000059
0000000094
0000000018
0000000017
0000000081
0000000335
0000000193
0000000390
0000000141
0000000356
0000000036
0000000314
0000000015
0000000128
0000000273
0000000018
0000000556
0000000039
0000000041
0000000021
0000000069
0000000070
0000000040
0000000112
0000000412
0000000032
0000000182
0000000278
0000000051
0000000912
0000000065
0000000205
0000000205
0000000033
0000000511
0000000050
0000000407
0000000146
0000000100
0000000027
0000000075
0000000664
0000000057
0000000983
0000000098
0000000891
0000000101
0000000089
0000000407
0000000269
0000000531
0000000037
0000000421
0000000426
0000000209
0000000085
0000000157
0000000025
0000000108
0000000125
0000000082
0000000141
0000000113
0000000120
0000000347
0000000251
0000000030
0000000349
0000000141
0000000728
0000000176
0000000887
0000000134
0000000083
0000000207
0000000258
0000000021
0000000283
0000000021
0000000752
0000000795
0000000709
0000000077
0000000117
0000000337
0000000439
0000000081
0000000692
0000000016
0000000626
0000000666
0000000365
0000000985
0000000282
0000000126
0000000702
0000000079
0000000924
0000000250
0000000304
0000000279
0000000644
0000000030
0000000130
0000000117
0000000948
0000000520
0000000420
0000000737
0000000100
0000000836
0000000076
0000000392
0000000946
0000000882
0000000199
0000000659
0000000177
0000000960
0000000552
0000000921
0000000395
0000000802
0000000215
0000000155
0000000189
0000000160
0000000181
0000000016
0000000255
0000000085
0000000068
0000000877
0000000031
0000000234
0000000209
0000000733
0000000078
0000000121
0000000366
0000000500
0000000166
0000000138
0000000129
0000000043
0000000701
0000000109
0000000085
0000000032
0000000060
0000000194
0000000073
0000000121
