4.114396315	0.1846712	11.5
4.110458586	0.1841224	11.5
4.106520857	0.1819272	11.5
4.102583128	0.1846712	11.5
4.102583128	0.1843968	11.5
4.118334044	0.1816528	11.5
4.138022688	0.1827504	11.5
4.169524518	0.1827504	11.5
4.204964078	0.1901592	11.5
4.224652722	0.1841224	11.5
4.228590451	0.183848	11.5
4.212839535	0.1830248	11.5
4.185275434	0.1887872	11.5
4.173462247	0.1849456	11.5
4.201026349	0.1822016	11.5
4.260092281	0.1819272	11.5
4.342784586	0.1819272	11.5
4.42941462	0.181104	11.5
4.500293739	0.1816528	11.5
4.567235129	0.1802808	11.5
4.618425604	0.181104	11.5
4.66567835	0.1808296	11.5
4.705055638	0.1827504	11.5
4.744432926	0.1832992	11.5
4.783810214	0.182476	11.5
4.819249774	0.1816528	11.5
4.862564791	0.1819272	11.5
4.894066621	0.182476	11.5
4.925568452	0.181104	11.5
4.961008011	0.1819272	11.5
4.980696655	0.1819272	11.5
5.0003853	0.1819272	11.5
5.027949401	0.1805552	11.5
5.047638045	0.1808296	11.5
5.059451232	0.1808296	11.5
5.075202147	0.1819272	11.5
5.087015334	0.1800064	11.5
5.106703978	0.1805552	11.5
5.126392622	0.1843968	11.5
5.150018995	0.1874152	11.5
5.173645368	0.189336	11.5
5.197271741	0.1923544	11.5
5.213022656	0.1972936	11.5
5.224835842	0.200312	11.5
5.240586758	0.2036048	11.5
5.256337673	0.2074464	11.5
5.272088588	0.2115624	11.5
5.287839504	0.2186968	11.5
5.303590419	0.2203432	11.5
5.323279063	0.2255568	11.5
5.339029978	0.227752	11.5
5.358718622	0.23324	11.5
5.36659408	0.237356	11.5
5.378407266	0.2392768	11.5
5.382344995	0.2417464	11.5
5.386282724	0.2439416	11.5
5.394158182	0.2472344	11.5
5.402033639	0.2472344	11.5
5.402033639	0.2494296	11.5
5.413846826	0.2529968	11.5
5.413846826	0.256564	11.5
5.421722283	0.26068	11.5
5.429597741	0.2680888	11.5
5.43353547	0.2722048	11.5
5.441410928	0.2741256	11.5
5.445348656	0.2776928	11.5
5.445348656	0.2818088	11.5
5.449286385	0.2851016	11.5
5.457161843	0.2889432	11.5
5.461099572	0.2919616	11.5
5.468975029	0.2979984	11.5
5.468975029	0.30184	11.5
5.472912758	0.305956	11.5
5.472912758	0.3095232	11.5
5.476850487	0.3125416	11.5
5.480788216	0.3161088	11.5
5.488663673	0.3191272	11.5
5.488663673	0.3226944	11.5
5.484725945	0.3259872	11.5
5.492601402	0.32928	11.5
5.496539131	0.3325728	11.5
5.496539131	0.3380608	11.5
5.496539131	0.341628	11.5
5.504414589	0.3462928	11.5
5.504414589	0.3495856	11.5
5.508352318	0.3520552	11.5
5.512290046	0.355348	11.5
5.516227775	0.3591896	11.5
5.516227775	0.3630312	11.5
5.516227775	0.3665984	11.5
5.516227775	0.3696168	11.5
5.520165504	0.3729096	11.5
5.520165504	0.3762024	11.5
5.524103233	0.380044	11.5
5.524103233	0.382788	11.5
5.520165504	0.3866296	11.5
5.524103233	0.3904712	11.5
5.516227775	0.3943128	11.5
5.516227775	0.3987032	11.5
5.512290046	0.401996	11.5
5.512290046	0.40474	11.5
5.504414589	0.4066608	11.5
5.50047686	0.4083072	11.5
5.504414589	0.4118744	11.5
5.50047686	0.4137952	11.5
5.50047686	0.415716	11.5
5.496539131	0.4151672	11.5
5.492601402	0.4187344	11.5
5.488663673	0.4176368	11.5
5.484725945	0.4187344	11.5
5.484725945	0.421204	11.5
5.476850487	0.4231248	11.5
5.472912758	0.4261432	11.5
5.461099572	0.4330032	11.5
5.457161843	0.4371192	11.5
5.445348656	0.43904	11.5
5.449286385	0.4434304	11.5
5.441410928	0.4480952	11.5
5.445348656	0.4533088	11.5
5.453224114	0.4587968	11.5
5.449286385	0.465108	11.5
5.445348656	0.471968	11.5
5.449286385	0.4769072	11.5
5.449286385	0.4812976	11.5
5.449286385	0.485688	11.5
5.453224114	0.489804	11.5
5.453224114	0.49392	11.5
5.445348656	0.4985848	11.5
5.453224114	0.5043472	11.5
5.449286385	0.5128536	11.5
5.449286385	0.5235552	11.5
5.445348656	0.529592	11.5
5.449286385	0.5317872	11.5
5.457161843	0.5342568	11.5
5.457161843	0.5372752	11.5
5.457161843	0.5402936	11.5
5.461099572	0.5441352	11.5
5.461099572	0.5485256	11.5
5.457161843	0.552916	11.5
5.453224114	0.557032	11.5
5.457161843	0.5600504	11.5
5.457161843	0.5633432	11.5
5.449286385	0.566636	11.5
5.453224114	0.568008	11.5
5.441410928	0.5718496	11.5
5.437473199	0.5787096	11.5
5.43353547	0.5833744	11.5
5.425660012	0.5896856	11.5
5.409909097	0.595448	11.5
5.398095911	0.6031312	11.5
5.382344995	0.6069728	11.5
5.370531809	0.6110888	11.5
5.362656351	0.611912	11.5
5.346905436	0.616028	11.5
5.331154521	0.6204184	11.5
5.323279063	0.6245344	11.5
5.29965269	0.629748	11.5
5.283901775	0.6399008	11.5
5.272088588	0.6478584	11.5
5.260275402	0.6563648	11.5
5.252399944	0.6643224	11.5
5.248462215	0.6673408	11.5
5.244524486	0.6711824	11.5
5.248462215	0.6733776	11.5
5.252399944	0.677768	11.5
5.248462215	0.6816096	11.5
5.248462215	0.6854512	11.5
5.240586758	0.6895672	11.5
5.236649029	0.6934088	11.5
5.2327113	0.6934088	11.5
5.2327113	0.6945064	11.5
5.224835842	0.6986224	11.5
5.213022656	0.70658	11.5
5.197271741	0.7104216	11.5
5.177583097	0.7150864	11.5
5.169707639	0.7159096	11.5
5.16576991	0.7219464	11.5
5.153956724	0.7208488	11.5
5.146081266	0.7235928	11.5
5.134268079	0.7268856	11.5
5.122454893	0.7310016	11.5
5.106703978	0.7351176	11.5
5.102766249	0.742252	11.5
5.079139876	0.7469168	11.5
5.071264418	0.7507584	11.5
5.059451232	0.7535024	11.5
5.047638045	0.7595392	11.5
5.03188713	0.7625576	11.5
5.020073944	0.7658504	11.5
5.004323028	0.7691432	11.5
4.992509842	0.772436	11.5
4.968883469	0.776552	11.5
4.941319367	0.7809424	11.5
4.917692994	0.7845096	11.5
4.901942079	0.787528	11.5
4.874377977	0.791644	11.5
4.838938418	0.7960344	11.5
4.803498859	0.8001504	11.5
4.768059299	0.803992	11.5
4.73261974	0.8075592	11.5
4.720806553	0.8103032	11.5
4.701117909	0.8124984	11.5
4.685366994	0.8138704	11.5
4.66567835	0.8157912	11.5
4.653865163	0.8182608	11.5
4.63023879	0.820456	11.5
4.610550146	0.8226512	11.5
4.582986045	0.8248464	11.5
4.551484214	0.8281392	11.5
4.516044655	0.8319808	11.5
4.476667366	0.8352736	11.5
4.437290078	0.838292	11.5
4.39791279	0.8415848	11.5
4.354597773	0.845152	11.5
4.295531841	0.8489936	11.5
4.236465908	0.853384	11.5
4.165586789	0.8580488	11.5
4.071081298	0.8635368	11.5
4.000202179	0.8676528	11.5
3.933260789	0.87122	11.5
3.874194857	0.8742384	11.5
3.819066653	0.8769824	11.5
3.767876179	0.8789032	11.5
3.72849889	0.8805496	11.5
3.700934789	0.8819216	11.5
3.657619772	0.8843912	11.5
3.610367026	0.8860376	11.5
3.56311428	0.8879584	11.5
3.515861534	0.8898792	11.5
3.468608788	0.8915256	11.5
3.4292315	0.8934464	11.5
3.385916483	0.8953672	11.5
3.354414652	0.8964648	11.5
3.315037364	0.8975624	11.5
3.283535533	0.8989344	11.5
3.244158245	0.900032	11.5
3.212656415	0.901404	11.5
3.177216855	0.9025016	11.5
3.137839567	0.9035992	11.5
3.078773635	0.90552	11.5
3.003956787	0.908264	11.5
2.909451295	0.9107336	11.5
2.814945804	0.9134776	11.5
2.724378041	0.916496	11.5
2.649561193	0.9184168	11.5
2.590495261	0.9200632	11.5
2.566868888	0.9211608	11.5
2.523553871	0.9225328	11.5
2.488114312	0.9236304	11.5
2.452674752	0.9244536	11.5
2.432986108	0.9252768	11.5
2.405422006	0.9261	11.5
2.377857905	0.9271976	11.5
2.338480616	0.9282952	11.5
2.306978786	0.9296672	11.5
2.247912853	0.9313136	11.5
2.220348752	0.9321368	11.5
2.184909192	0.9332344	11.5
2.157345091	0.9346064	11.5
2.141594175	0.9348808	11.5
2.141594175	0.9348808	11.5
2.12584326	0.9351552	11.5
2.110092345	0.9354296	11.5
2.098279158	0.93296	11.5
2.086465972	0.93296	11.5
2.062839599	0.9337832	11.5
2.031337768	0.9348808	11.5
1.99196048	0.9335088	11.5
1.952583192	0.9351552	11.5
1.913205904	0.9420152	11.5
1.850202243	0.9420152	11.5
1.775385395	0.9469544	11.5
1.716319463	0.9499728	11.5
1.700568547	0.9505216	11.5
1.704506276	0.9502472	11.5
1.700568547	0.9505216	11.5
1.700568547	0.9502472	11.5
1.696630819	0.9505216	11.5
1.704506276	0.9505216	11.5
1.700568547	0.9505216	11.5
1.704506276	0.950796	11.5
1.700568547	0.9505216	11.5
1.700568547	0.950796	11.5
1.700568547	0.9505216	11.5
1.704506276	0.9505216	11.5
1.696630819	0.950796	11.5
1.688755361	0.948052	11.5
1.684817632	0.9505216	11.5
1.684817632	0.950796	11.5
1.684817632	0.9513448	11.5
1.688755361	0.9510704	11.5
1.69269309	0.9510704	11.5
1.688755361	0.9513448	11.5
1.688755361	0.9510704	11.5
1.688755361	0.9513448	11.5
1.684817632	0.9513448	11.5
1.69269309	0.9513448	11.5
1.684817632	0.9518936	11.5
1.684817632	0.9524424	11.5
1.684817632	0.9527168	11.5